Date	Time	FIC208.PIDA.SP	FIC208.PIDA.PV	FIC208.PIDA.OP	FIC209.PIDA.SP	FIC209.PIDA.PV	FIC209.PIDA.OP	
2014-5-12	9:00:00	53.39	53.44	46.68	53.39	53.39	49.41	
2014-5-12	8:00:00	53.36	53.42	46.64	53.36	53.34	49.48	
2014-5-12	7:00:00	53.28	53.25	46.64	53.28	53.27	49.39	
2014-5-12	6:00:00	53.48	53.45	46.80	53.48	53.41	49.59	
2014-5-12	5:00:00	53.48	53.51	46.74	53.48	53.47	49.64	
2014-5-12	4:00:00	53.44	53.45	46.71	53.44	53.49	49.63	
2014-5-12	3:00:00	53.52	53.50	46.78	53.52	53.63	49.69	
2014-5-12	2:00:00	53.51	53.44	46.79	53.51	53.47	49.66	
2014-5-12	1:00:00	53.30	53.31	46.57	53.30	53.22	49.52	
2014-5-12	00:00:00	53.20	53.15	46.55	53.20	53.20	49.43	
2014-5-11	23:00:00	53.14	53.09	46.50	53.14	53.09	49.45	
2014-5-11	22:00:00	53.05	53.03	46.35	53.04	53.00	49.39	
2014-5-11	21:00:00	53.15	53.15	46.41	53.14	53.26	49.36	
2014-5-11	20:00:00	53.02	52.96	46.34	53.02	53.02	49.35	
2014-5-11	19:00:00	52.98	52.93	46.26	52.99	52.95	49.31	
2014-5-11	18:00:00	52.95	52.92	46.24	52.96	52.94	49.29	
2014-5-11	17:00:00	52.97	52.95	46.19	52.97	52.94	49.26	
2014-5-11	16:00:00	52.96	52.97	46.17	52.95	52.93	49.28	
2014-5-11	15:00:00	53.01	52.96	46.30	53.01	52.99	49.21	
2014-5-11	14:00:00	53.02	53.07	46.23	53.02	52.96	49.29	
2014-5-11	13:00:00	52.89	52.90	46.18	52.89	52.80	49.16	
2014-5-11	12:00:00	52.84	52.80	46.16	52.84	52.80	49.08	
2014-5-11	11:00:00	53.01	53.03	46.27	53.01	52.94	49.24	
2014-5-11	10:00:00	53.21	53.18	46.49	53.20	53.25	49.24	
2014-5-11	9:00:00	53.06	53.07	46.46	53.06	53.21	49.08	
2014-5-11	8:00:00	52.93	53.00	46.20	52.91	52.92	48.95	
2014-5-11	7:00:00	53.07	53.07	46.26	53.07	53.08	49.06	
2014-5-11	6:00:00	52.94	52.95	46.21	52.94	53.00	48.97	
2014-5-11	5:00:00	53.01	53.00	46.28	53.01	53.03	48.93	
2014-5-11	4:00:00	53.07	53.03	46.34	53.08	53.10	48.95	
2014-5-11	3:00:00	52.92	52.89	46.27	52.92	52.92	48.93	
2014-5-11	2:00:00	52.93	52.98	46.18	52.93	52.95	48.98	
2014-5-11	1:00:00	53.32	53.30	46.47	53.32	53.33	49.24	
2014-5-11	00:00:00	52.89	52.88	46.20	52.89	52.91	48.93	
2014-5-10	23:00:00	52.86	52.80	46.09	52.86	52.86	48.76	
2014-5-10	22:00:00	52.86	52.86	45.98	52.86	52.84	48.76	
2014-5-10	21:00:00	52.71	52.69	45.87	52.71	52.72	48.52	
2014-5-10	20:00:00	52.65	52.70	45.80	52.65	52.69	48.45	
2014-5-10	19:00:00	52.49	52.49	45.66	52.49	52.50	48.48	
2014-5-10	18:00:00	52.57	52.57	45.62	52.57	52.56	48.58	
2014-5-10	17:00:00	52.45	52.42	45.53	52.45	52.45	48.48	
2014-5-10	16:00:00	53.10	53.09	45.95	53.10	53.12	48.88	
2014-5-10	15:00:00	52.68	52.65	45.66	52.67	52.66	48.60	
2014-5-10	14:00:00	52.74	52.69	45.75	52.74	52.74	48.62	
2014-5-10	13:00:00	52.85	52.88	45.75	52.85	52.86	48.66	
2014-5-10	12:00:00	52.86	52.85	45.71	52.86	52.88	48.56	
2014-5-10	11:00:00	53.06	53.05	45.81	53.06	53.02	48.70	
2014-5-10	10:00:00	52.98	52.99	45.70	52.98	53.01	48.59	
2014-5-10	9:00:00	53.12	53.13	45.78	53.12	53.11	48.75	
2014-5-10	8:00:00	52.99	53.02	45.70	53.00	52.92	48.78	
2014-5-10	7:00:00	53.04	53.06	45.76	53.05	53.13	48.71	
2014-5-10	6:00:00	52.91	52.94	45.67	52.91	53.00	48.63	
2014-5-10	5:00:00	53.10	53.14	45.75	53.10	53.15	48.76	
2014-5-10	4:00:00	52.96	53.03	45.61	52.96	52.92	48.67	
2014-5-10	3:00:00	52.86	52.82	45.58	52.86	52.88	48.60	
2014-5-10	2:00:00	52.88	52.85	45.58	52.88	52.86	48.62	
2014-5-10	1:00:00	52.82	52.80	45.56	52.82	52.81	48.61	
2014-5-10	00:00:00	52.84	52.82	45.64	52.84	52.81	48.62	
2014-5-9	23:00:00	52.85	52.86	45.63	52.85	52.86	48.57	
2014-5-9	22:00:00	52.68	52.69	45.50	52.68	52.68	48.45	
2014-5-9	21:00:00	53.00	52.96	45.76	53.00	52.98	48.72	
2014-5-9	20:00:00	52.76	52.77	45.56	52.76	52.74	48.55	
2014-5-9	19:00:00	52.96	52.96	45.69	52.96	52.99	48.71	
2014-5-9	18:00:00	52.83	52.87	45.55	52.83	52.80	48.71	
2014-5-9	17:00:00	52.97	52.94	45.71	52.97	52.93	48.81	
2014-5-9	16:00:00	52.93	52.92	45.65	52.93	52.98	48.72	
2014-5-9	15:00:00	53.04	53.02	45.75	53.04	53.11	48.81	
2014-5-9	14:00:00	52.99	52.98	45.73	52.99	52.98	48.77	
2014-5-9	13:00:00	53.06	53.04	45.79	53.06	53.07	48.79	
2014-5-9	12:00:00	53.02	53.01	45.73	53.02	53.02	48.78	
2014-5-9	11:00:00	53.07	53.06	45.78	53.07	53.06	48.81	
2014-5-9	10:00:00	53.08	53.13	45.75	53.08	53.09	48.76	
2014-5-9	9:00:00	53.04	53.08	45.76	53.04	53.05	48.70	
2014-5-9	8:00:00	52.99	52.99	45.75	52.99	53.01	48.74	
2014-5-9	7:00:00	53.02	53.04	45.74	53.02	53.01	48.74	
2014-5-9	6:00:00	52.97	52.94	45.75	52.97	52.98	48.68	
2014-5-9	5:00:00	52.99	52.99	45.76	52.99	52.99	48.68	
2014-5-9	4:00:00	53.01	52.99	45.80	53.01	53.00	48.65	
2014-5-9	3:00:00	52.96	52.94	45.76	52.96	52.98	48.65	
2014-5-9	2:00:00	53.04	53.03	45.81	53.04	53.04	48.75	
2014-5-9	1:00:00	52.94	52.92	45.73	52.94	52.93	48.62	
2014-5-9	00:00:00	53.07	53.07	45.78	53.07	53.09	48.71	
2014-5-8	23:00:00	53.03	53.06	45.73	53.03	53.02	48.66	
2014-5-8	22:00:00	52.76	52.76	45.53	52.76	52.78	48.46	
2014-5-8	21:00:00	52.75	52.70	45.60	52.74	52.75	48.49	
2014-5-8	20:00:00	52.77	52.81	45.56	52.78	52.79	48.56	
2014-5-8	19:00:00	52.90	52.94	45.65	52.90	52.93	48.67	
2014-5-8	18:00:00	52.72	52.70	45.57	52.72	52.73	48.49	
2014-5-8	17:00:00	52.78	52.72	45.65	52.78	52.76	48.58	
2014-5-8	16:00:00	52.70	52.65	45.57	52.70	52.70	48.50	
2014-5-8	15:00:00	52.82	52.86	45.58	52.82	52.81	48.67	
2014-5-8	14:00:00	52.72	52.72	45.53	52.72	52.72	48.43	
2014-5-8	13:00:00	52.77	52.73	45.61	52.77	52.81	48.47	
2014-5-8	12:00:00	52.83	52.82	45.62	52.83	52.84	48.53	
2014-5-8	11:00:00	52.61	52.59	45.50	52.61	52.62	48.35	
2014-5-8	10:00:00	52.84	52.84	45.66	52.84	52.84	48.64	
2014-5-8	9:00:00	52.79	52.79	45.61	52.79	52.79	48.55	
2014-5-8	8:00:00	52.75	52.75	45.59	52.75	52.75	48.50	
2014-5-8	7:00:00	52.82	52.84	45.65	52.82	52.80	48.62	
2014-5-8	6:00:00	52.80	52.85	45.65	52.80	52.79	48.75	
2014-5-8	5:00:00	52.67	52.67	45.62	52.68	52.67	48.70	
2014-5-8	4:00:00	52.63	52.60	45.63	52.63	52.62	48.62	
2014-5-8	3:00:00	52.66	52.71	45.59	52.66	52.67	48.59	
2014-5-8	2:00:00	52.94	52.93	45.87	52.94	52.93	48.87	
2014-5-8	1:00:00	53.16	53.14	46.06	53.16	53.15	49.06	
2014-5-8	00:00:00	53.17	53.14	46.12	53.17	53.18	49.07	
2014-5-7	23:00:00	53.30	53.28	46.21	53.30	53.28	49.14	
2014-5-7	22:00:00	53.32	53.30	46.25	53.32	53.35	49.14	
2014-5-7	21:00:00	53.52	53.51	46.45	53.52	53.53	49.21	
2014-5-7	20:00:00	53.64	53.69	46.47	53.64	53.67	49.34	
2014-5-7	19:00:00	53.39	53.44	46.26	53.39	53.40	49.13	
2014-5-7	18:00:00	53.21	53.23	46.14	53.21	53.17	49.05	
2014-5-7	17:00:00	53.00	52.99	46.04	53.00	53.00	48.92	
2014-5-7	16:00:00	52.85	52.81	45.95	52.84	52.86	48.80	
2014-5-7	15:00:00	52.83	52.79	45.94	52.83	52.80	48.74	
2014-5-7	14:00:00	52.68	52.65	45.82	52.68	52.67	48.50	
2014-5-7	13:00:00	52.53	52.56	45.67	52.53	52.51	48.42	
2014-5-7	12:00:00	52.44	52.45	45.58	52.45	52.45	48.38	
2014-5-7	11:00:00	52.43	52.41	45.56	52.43	52.39	48.49	
2014-5-7	10:00:00	52.39	52.38	45.53	52.39	52.39	48.48	
2014-5-7	9:00:00	52.45	52.44	45.56	52.45	52.46	48.57	
2014-5-7	8:00:00	52.63	52.61	45.67	52.63	52.65	48.73	
2014-5-7	7:00:00	52.67	52.66	45.67	52.67	52.67	48.82	
2014-5-7	6:00:00	52.39	52.39	45.58	52.39	52.38	48.69	
2014-5-7	5:00:00	52.57	52.60	45.71	52.58	52.55	48.94	
2014-5-7	4:00:00	52.58	52.57	45.75	52.58	52.56	48.85	
2014-5-7	3:00:00	52.53	52.53	45.71	52.53	52.53	48.74	
2014-5-7	2:00:00	52.49	52.47	45.69	52.49	52.49	48.68	
2014-5-7	1:00:00	52.64	52.63	45.79	52.64	52.68	48.83	
2014-5-7	00:00:00	52.48	52.49	45.64	52.48	52.50	48.72	
2014-5-6	23:00:00	52.63	52.62	45.75	52.63	52.64	48.82	
2014-5-6	22:00:00	52.50	52.49	45.67	52.50	52.49	48.72	
2014-5-6	21:00:00	52.62	52.63	45.79	52.62	52.64	48.87	
2014-5-6	20:00:00	52.83	52.82	45.99	52.83	52.80	49.03	
2014-5-6	19:00:00	52.91	52.92	46.05	52.91	52.91	49.02	
2014-5-6	18:00:00	52.86	52.80	46.01	52.85	52.83	48.91	
2014-5-6	17:00:00	52.48	52.45	45.69	52.48	52.51	48.52	
2014-5-6	16:00:00	52.43	52.44	45.65	52.43	52.43	48.47	
2014-5-6	15:00:00	52.50	52.51	45.74	52.50	52.50	48.50	
2014-5-6	14:00:00	52.52	52.50	45.78	52.52	52.51	48.62	
2014-5-6	13:00:00	52.51	52.51	45.78	52.51	52.53	48.58	
2014-5-6	12:00:00	52.64	52.68	45.81	52.64	52.64	48.77	
2014-5-6	11:00:00	52.67	52.67	45.86	52.67	52.64	48.89	
2014-5-6	10:00:00	52.79	52.80	45.94	52.79	52.79	48.98	
2014-5-6	9:00:00	52.76	52.73	45.98	52.76	52.75	48.97	
2014-5-6	8:00:00	52.80	52.81	45.99	52.80	52.80	49.07	
2014-5-6	7:00:00	52.68	52.68	45.94	52.68	52.69	48.94	
2014-5-6	6:00:00	52.70	52.68	46.02	52.70	52.70	49.04	
2014-5-6	5:00:00	52.62	52.62	45.97	52.62	52.60	48.94	
2014-5-6	4:00:00	52.49	52.50	45.88	52.49	52.47	48.80	
2014-5-6	3:00:00	52.65	52.66	45.98	52.65	52.64	48.84	
2014-5-6	2:00:00	52.99	53.00	46.26	52.99	53.00	49.14	
2014-5-6	1:00:00	53.03	53.04	46.27	53.03	53.03	49.13	
2014-5-6	00:00:00	52.93	52.89	46.20	52.93	52.96	49.10	
2014-5-5	23:00:00	52.97	53.01	46.22	52.98	52.98	49.24	
2014-5-5	22:00:00	52.82	52.81	46.16	52.82	52.80	49.19	
2014-5-5	21:00:00	52.92	52.89	46.30	52.92	52.93	49.31	
2014-5-5	20:00:00	53.28	53.30	46.52	53.28	53.29	49.52	
2014-5-5	19:00:00	53.24	53.24	46.46	53.24	53.25	49.35	
2014-5-5	18:00:00	53.23	53.22	46.48	53.23	53.22	49.42	
2014-5-5	17:00:00	53.36	53.39	46.62	53.36	53.35	49.53	
2014-5-5	16:00:00	53.37	53.38	46.63	53.37	53.37	49.40	
2014-5-5	15:00:00	52.90	52.86	46.38	52.90	52.88	48.95	
2014-5-5	14:00:00	53.43	53.47	46.70	53.43	53.39	49.56	
2014-5-5	13:00:00	53.16	53.13	46.50	53.16	53.13	49.26	
2014-5-5	12:00:00	53.21	53.20	46.55	53.21	53.21	49.22	
2014-5-5	11:00:00	53.30	53.28	46.67	53.29	53.28	49.45	
2014-5-5	10:00:00	53.28	53.31	46.54	53.28	53.25	49.56	
2014-5-5	9:00:00	53.23	53.22	46.59	53.23	53.21	49.59	
2014-5-5	8:00:00	53.38	53.40	46.68	53.38	53.43	49.59	
2014-5-5	7:00:00	53.26	53.26	46.63	53.26	53.31	49.63	
2014-5-5	6:00:00	53.17	53.18	46.56	53.17	53.18	49.55	
2014-5-5	5:00:00	53.06	53.05	46.46	53.06	53.07	49.42	
2014-5-5	4:00:00	53.27	53.29	46.63	53.27	53.29	49.61	
2014-5-5	3:00:00	53.34	53.34	46.73	53.35	53.37	49.66	
2014-5-5	2:00:00	53.58	53.57	46.94	53.58	53.59	49.84	
2014-5-5	1:00:00	53.46	53.45	46.89	53.46	53.46	49.79	
2014-5-5	00:00:00	53.43	53.41	46.92	53.43	53.40	49.80	
2014-5-4	23:00:00	53.36	53.39	46.90	53.36	53.36	49.68	
2014-5-4	22:00:00	53.41	53.36	46.95	53.41	53.38	49.66	
2014-5-4	21:00:00	53.30	53.31	46.83	53.30	53.29	49.57	
2014-5-4	20:00:00	53.40	53.42	46.93	53.40	53.41	49.58	
2014-5-4	19:00:00	53.49	53.51	47.01	53.49	53.43	49.71	
2014-5-4	18:00:00	53.30	53.30	46.86	53.30	53.30	49.42	
2014-5-4	17:00:00	53.29	53.27	46.81	53.29	53.27	49.44	
2014-5-4	16:00:00	53.32	53.35	46.82	53.32	53.36	49.44	
2014-5-4	15:00:00	53.37	53.36	46.86	53.37	53.43	49.43	
2014-5-4	14:00:00	53.35	53.37	46.79	53.34	53.35	49.50	
2014-5-4	13:00:00	53.33	53.33	46.83	53.33	53.32	49.58	
2014-5-4	12:00:00	53.23	53.23	46.71	53.23	53.22	49.53	
2014-5-4	11:00:00	53.26	53.28	46.69	53.26	53.27	49.53	
2014-5-4	10:00:00	53.42	53.42	46.79	53.42	53.39	49.74	
2014-5-4	9:00:00	53.60	53.63	46.99	53.60	53.69	49.81	
2014-5-4	8:00:00	53.50	53.54	46.90	53.50	53.50	49.72	
2014-5-4	7:00:00	53.48	53.47	46.98	53.48	53.49	49.87	
2014-5-4	6:00:00	53.63	53.66	47.04	53.63	53.60	49.87	
2014-5-4	5:00:00	53.77	53.73	47.22	53.77	53.73	50.02	
2014-5-4	4:00:00	53.78	53.82	47.20	53.78	53.80	49.95	
2014-5-4	3:00:00	53.52	53.48	47.11	53.52	53.54	49.89	
2014-5-4	2:00:00	53.63	53.64	47.07	53.63	53.64	49.83	
2014-5-4	1:00:00	53.49	53.51	46.91	53.49	53.50	49.64	
2014-5-4	00:00:00	53.44	53.48	46.85	53.44	53.42	49.66	
2014-5-3	23:00:00	53.79	53.79	47.13	53.79	53.73	49.87	
2014-5-3	22:00:00	53.72	53.65	47.09	53.72	53.76	49.64	
2014-5-3	21:00:00	53.67	53.62	47.08	53.67	53.69	49.69	
2014-5-3	20:00:00	53.44	53.43	46.86	53.44	53.43	49.59	
2014-5-3	19:00:00	53.36	53.34	46.78	53.36	53.35	49.74	
2014-5-3	18:00:00	53.53	53.54	46.91	53.53	53.53	50.06	
2014-5-3	17:00:00	53.64	53.65	46.98	53.64	53.68	49.77	
2014-5-3	16:00:00	53.63	53.61	46.95	53.63	53.67	49.77	
2014-5-3	15:00:00	53.61	53.62	46.85	53.61	53.64	49.74	
2014-5-3	14:00:00	53.46	53.43	46.69	53.47	53.50	49.65	
2014-5-3	13:00:00	53.19	53.20	46.43	53.19	53.17	49.51	
2014-5-3	12:00:00	52.68	52.68	46.04	52.68	52.72	49.17	
2014-5-3	11:00:00	52.76	52.75	46.12	52.75	52.73	49.28	
2014-5-3	10:00:00	52.85	52.81	46.23	52.85	52.84	49.26	
2014-5-3	9:00:00	52.91	52.89	46.20	52.90	52.90	49.24	
2014-5-3	8:00:00	52.85	52.87	46.18	52.85	52.84	49.25	
2014-5-3	7:00:00	52.85	52.83	46.20	52.85	52.85	49.22	
2014-5-3	6:00:00	52.82	52.82	46.16	52.83	52.84	49.13	
2014-5-3	5:00:00	52.66	52.65	46.01	52.66	52.64	49.01	
2014-5-3	4:00:00	52.78	52.78	46.16	52.79	52.77	49.04	
2014-5-3	3:00:00	53.27	53.29	46.48	53.27	53.29	49.49	
2014-5-3	2:00:00	52.85	52.82	46.20	52.85	52.83	49.01	
2014-5-3	1:00:00	52.37	52.39	45.90	52.37	52.36	48.68	
2014-5-3	00:00:00	53.32	53.30	46.70	53.31	53.31	49.43	
2014-5-2	23:00:00	53.20	53.21	46.69	53.20	53.20	49.41	
2014-5-2	22:00:00	53.20	53.23	46.68	53.20	53.20	49.47	
2014-5-2	21:00:00	52.96	52.97	46.54	52.96	52.93	49.32	
2014-5-2	20:00:00	53.01	53.00	46.54	53.01	53.01	49.33	
2014-5-2	19:00:00	53.03	53.01	46.54	53.03	53.04	49.30	
2014-5-2	18:00:00	52.76	52.79	46.30	52.76	52.72	49.03	
2014-5-2	17:00:00	53.27	53.29	46.76	53.28	53.24	49.56	
2014-5-2	16:00:00	53.11	53.16	46.67	53.11	53.10	49.52	
2014-5-2	15:00:00	52.83	52.87	46.47	52.83	52.84	49.29	
2014-5-2	14:00:00	53.18	53.17	46.71	53.18	53.19	49.34	
2014-5-2	13:00:00	53.25	53.24	46.73	53.25	53.25	49.36	
2014-5-2	12:00:00	53.27	53.22	46.77	53.27	53.29	49.29	
2014-5-2	11:00:00	53.05	53.04	46.60	53.05	53.08	48.80	
2014-5-2	10:00:00	53.26	53.27	46.63	53.26	53.23	49.45	
2014-5-2	9:00:00	53.28	53.22	46.67	53.28	53.29	49.72	
2014-5-2	8:00:00	53.22	53.23	46.60	53.22	53.25	49.65	
2014-5-2	7:00:00	53.09	53.06	46.57	53.09	53.08	49.62	
2014-5-2	6:00:00	53.23	53.26	46.63	53.23	53.24	49.69	
2014-5-2	5:00:00	53.07	53.06	46.56	53.07	53.06	49.49	
2014-5-2	4:00:00	53.21	53.18	46.61	53.20	53.20	49.58	
2014-5-2	3:00:00	53.08	53.05	46.49	53.08	53.04	49.64	
2014-5-2	2:00:00	53.10	53.10	46.45	53.10	53.12	49.58	
2014-5-2	1:00:00	53.03	53.01	46.43	53.03	53.04	49.58	
2014-5-2	00:00:00	53.27	53.25	46.69	53.27	53.27	49.62	
2014-5-1	23:00:00	53.44	53.41	46.74	53.44	53.41	49.54	
2014-5-1	22:00:00	53.87	53.85	47.12	53.87	53.86	50.17	
2014-5-1	21:00:00	54.16	54.16	47.39	54.16	54.21	50.53	
2014-5-1	20:00:00	53.79	53.76	47.13	53.78	53.75	50.46	
2014-5-1	19:00:00	53.96	53.93	47.35	53.97	54.00	50.26	
2014-5-1	18:00:00	53.05	53.03	46.69	53.05	53.06	49.62	
2014-5-1	17:00:00	52.81	52.79	46.49	52.81	52.83	49.32	
2014-5-1	16:00:00	52.83	52.82	46.48	52.83	52.82	49.35	
2014-5-1	15:00:00	52.77	52.76	46.35	52.77	52.76	49.22	
2014-5-1	14:00:00	52.37	52.36	46.01	52.37	52.37	48.85	
2014-5-1	13:00:00	51.97	52.00	45.69	51.97	51.98	48.50	
2014-5-1	12:00:00	52.03	52.05	45.67	52.03	52.06	48.47	
2014-5-1	11:00:00	51.34	51.31	45.16	51.34	51.38	47.77	
2014-5-1	10:00:00	50.77	50.75	44.75	50.77	50.79	47.43	
2014-5-1	9:00:00	50.32	50.32	44.36	50.32	50.29	47.18	
2014-5-1	8:00:00	49.72	49.68	43.93	49.72	49.72	46.87	
2014-5-1	7:00:00	49.40	49.44	43.60	49.40	49.39	46.45	
2014-5-1	6:00:00	49.49	49.49	43.65	49.48	49.48	46.38	
2014-5-1	5:00:00	49.01	49.00	43.29	49.01	49.00	45.82	
2014-5-1	4:00:00	48.41	48.39	42.80	48.41	48.41	44.96	
2014-5-1	3:00:00	47.96	47.95	42.47	47.96	47.95	44.35	
2014-5-1	2:00:00	47.48	47.45	42.10	47.48	47.57	43.66	
2014-5-1	1:00:00	47.00	47.00	41.70	47.01	47.16	43.23	
2014-5-1	00:00:00	46.69	46.71	41.37	46.69	47.00	42.92	
2014-4-30	23:00:00	46.02	46.02	40.93	46.03	45.93	42.78	
2014-4-30	22:00:00	45.28	45.24	40.50	45.28	45.33	42.30	
2014-4-30	21:00:00	45.11	45.13	40.36	45.11	45.14	42.13	
2014-4-30	20:00:00	45.18	45.23	40.32	45.18	45.19	42.01	
2014-4-30	19:00:00	44.23	44.21	39.70	44.23	44.34	41.39	
2014-4-30	18:00:00	43.55	43.56	39.26	43.55	43.54	41.05	
2014-4-30	17:00:00	43.24	43.26	39.06	43.24	43.21	40.85	
2014-4-30	16:00:00	42.60	42.58	38.68	42.60	42.58	40.56	
2014-4-30	15:00:00	42.33	42.28	38.60	42.32	42.38	40.39	
2014-4-30	14:00:00	41.98	42.01	38.33	41.98	41.99	40.23	
2014-4-30	13:00:00	42.46	42.44	38.68	42.46	42.40	40.61	
2014-4-30	12:00:00	41.38	41.37	37.98	41.38	41.41	39.80	
2014-4-30	11:00:00	41.45	41.47	38.02	41.45	41.47	39.85	
2014-4-30	10:00:00	40.79	40.80	37.59	40.79	40.82	39.42	
2014-4-30	9:00:00	40.04	40.04	37.09	40.03	40.02	39.01	
2014-4-30	8:00:00	39.91	39.92	37.01	39.92	39.90	38.98	
2014-4-30	7:00:00	39.86	39.86	36.99	39.86	39.89	38.96	
2014-4-30	6:00:00	39.77	39.80	36.96	39.78	39.77	39.04	
2014-4-30	5:00:00	39.83	39.81	37.02	39.83	39.83	39.08	
2014-4-30	4:00:00	39.92	39.92	37.05	39.92	39.91	39.14	
2014-4-30	3:00:00	40.02	40.04	37.12	40.02	40.03	39.13	
2014-4-30	2:00:00	40.23	40.22	37.26	40.23	40.24	39.26	
2014-4-30	1:00:00	40.28	40.28	37.29	40.28	40.32	39.27	
2014-4-30	00:00:00	40.30	40.25	37.36	40.30	40.31	39.31	
2014-4-29	23:00:00	40.37	40.38	37.39	40.38	40.39	39.39	
2014-4-29	22:00:00	40.35	40.37	37.34	40.35	40.33	39.36	
2014-4-29	21:00:00	40.22	40.17	37.28	40.22	40.23	39.19	
2014-4-29	20:00:00	40.21	40.18	37.23	40.21	40.23	39.16	
2014-4-29	19:00:00	40.27	40.23	37.25	40.27	40.26	39.13	
2014-4-29	18:00:00	40.18	40.20	37.16	40.18	40.14	39.11	
2014-4-29	17:00:00	40.19	40.16	37.21	40.19	40.16	39.16	
2014-4-29	16:00:00	40.23	40.18	37.25	40.23	40.24	39.14	
2014-4-29	15:00:00	40.14	40.13	37.15	40.14	40.18	39.03	
2014-4-29	14:00:00	40.23	40.24	37.20	40.23	40.26	39.11	
2014-4-29	13:00:00	40.29	40.32	37.22	40.29	40.27	39.14	
2014-4-29	12:00:00	40.24	40.24	37.22	40.24	40.24	39.14	
2014-4-29	11:00:00	40.27	40.23	37.26	40.27	40.27	39.19	
2014-4-29	10:00:00	40.26	40.24	37.23	40.26	40.24	39.22	
2014-4-29	9:00:00	40.10	40.11	37.10	40.10	40.08	39.12	
2014-4-29	8:00:00	39.87	39.89	36.94	39.86	39.87	38.96	
2014-4-29	7:00:00	39.77	39.80	36.89	39.77	39.74	38.96	
2014-4-29	6:00:00	39.79	39.84	36.94	39.79	39.80	38.98	
2014-4-29	5:00:00	39.78	39.75	36.94	39.78	39.77	38.99	
2014-4-29	4:00:00	39.79	39.83	36.93	39.79	39.79	39.01	
2014-4-29	3:00:00	39.72	39.75	36.88	39.72	39.73	39.01	
2014-4-29	2:00:00	39.75	39.83	36.88	39.75	39.75	39.01	
2014-4-29	1:00:00	39.84	39.78	37.06	39.84	39.83	39.08	
2014-4-29	00:00:00	39.90	39.93	37.06	39.90	39.91	39.11	
2014-4-28	23:00:00	39.80	39.74	37.01	39.80	39.80	39.08	
2014-4-28	22:00:00	39.79	39.79	36.94	39.79	39.79	39.10	
2014-4-28	21:00:00	39.88	39.92	37.01	39.89	39.86	39.26	
2014-4-28	20:00:00	40.38	40.39	37.35	40.38	40.37	39.64	
2014-4-28	19:00:00	40.58	40.58	37.46	40.58	40.60	39.53	
2014-4-28	18:00:00	39.80	39.78	36.95	39.80	39.79	39.00	
2014-4-28	17:00:00	40.43	40.44	37.40	40.42	40.44	39.43	
2014-4-28	16:00:00	41.91	41.98	38.31	41.91	41.95	40.36	
2014-4-28	15:00:00	41.48	41.53	38.05	41.47	41.51	40.06	
2014-4-28	14:00:00	41.72	41.77	38.23	41.73	41.74	40.24	
2014-4-28	13:00:00	42.91	42.98	39.00	42.91	42.94	41.07	
2014-4-28	12:00:00	42.88	42.84	39.02	42.88	42.89	41.08	
2014-4-28	11:00:00	42.97	43.02	39.00	42.97	42.94	41.13	
2014-4-28	10:00:00	43.05	43.07	39.05	43.05	43.05	41.10	
2014-4-28	9:00:00	43.16	43.19	39.11	43.16	43.17	41.19	
2014-4-28	8:00:00	43.08	43.14	39.06	43.08	43.11	41.13	
2014-4-28	7:00:00	43.02	43.05	39.07	43.03	43.02	41.12	
2014-4-28	6:00:00	43.04	43.02	39.12	43.04	43.05	41.21	
2014-4-28	5:00:00	42.98	43.03	39.05	42.98	43.03	41.12	
2014-4-28	4:00:00	43.04	43.08	39.11	43.04	43.03	41.22	
2014-4-28	3:00:00	42.72	42.74	38.92	42.72	42.71	40.97	
2014-4-28	2:00:00	43.06	43.06	39.19	43.06	43.06	41.24	
2014-4-28	1:00:00	42.64	42.60	38.93	42.64	42.67	40.96	
2014-4-28	00:00:00	42.50	42.53	38.80	42.51	42.46	40.98	
2014-4-27	23:00:00	42.55	42.49	38.88	42.55	42.61	40.91	
2014-4-27	22:00:00	43.60	43.63	39.52	43.60	43.66	41.53	
2014-4-27	21:00:00	43.78	43.90	39.55	43.78	43.78	41.76	
2014-4-27	20:00:00	44.85	44.83	40.37	44.85	44.92	42.28	
2014-4-27	19:00:00	45.50	45.51	40.76	45.50	45.52	42.53	
2014-4-27	18:00:00	46.07	46.06	41.20	46.07	46.09	42.83	
2014-4-27	17:00:00	46.19	46.22	41.24	46.19	46.07	42.86	
2014-4-27	16:00:00	46.21	46.26	41.27	46.21	46.19	42.77	
2014-4-27	15:00:00	46.21	46.23	41.25	46.21	46.23	42.74	
2014-4-27	14:00:00	46.31	46.32	41.35	46.31	46.32	42.89	
2014-4-27	13:00:00	46.18	46.14	41.32	46.18	46.19	42.83	
2014-4-27	12:00:00	46.32	46.33	41.39	46.32	46.29	42.99	
2014-4-27	11:00:00	46.35	46.38	41.39	46.35	46.32	43.03	
2014-4-27	10:00:00	46.24	46.19	41.38	46.24	46.28	42.82	
2014-4-27	9:00:00	46.09	46.08	41.18	46.09	46.06	42.86	
2014-4-27	8:00:00	45.90	45.91	41.00	45.90	45.88	42.80	
2014-4-27	7:00:00	46.02	46.03	41.09	46.02	46.03	42.83	
2014-4-27	6:00:00	45.90	45.94	40.98	45.90	45.86	42.80	
2014-4-27	5:00:00	45.93	45.89	41.06	45.93	45.90	42.84	
2014-4-27	4:00:00	45.85	45.88	40.98	45.85	45.79	42.76	
2014-4-27	3:00:00	45.94	45.96	41.08	45.94	46.07	42.67	
2014-4-27	2:00:00	45.93	45.94	41.13	45.93	45.96	42.78	
2014-4-27	1:00:00	46.17	46.15	41.34	46.17	46.12	42.97	
2014-4-27	00:00:00	45.89	45.88	41.09	45.89	45.86	42.85	
2014-4-26	23:00:00	45.79	45.78	41.00	45.79	45.68	42.85	
2014-4-26	22:00:00	45.81	45.83	40.96	45.81	45.72	42.82	
2014-4-26	21:00:00	45.83	45.83	41.02	45.83	45.75	42.82	
2014-4-26	20:00:00	45.97	46.04	41.03	45.96	45.89	42.76	
2014-4-26	19:00:00	46.16	46.15	41.22	46.16	46.13	42.81	
2014-4-26	18:00:00	46.79	46.77	41.76	46.79	46.83	43.17	
2014-4-26	17:00:00	47.34	47.32	42.22	47.34	47.33	43.53	
2014-4-26	16:00:00	47.52	47.51	42.38	47.52	47.53	43.66	
2014-4-26	15:00:00	47.34	47.32	42.21	47.34	47.34	43.59	
2014-4-26	14:00:00	48.15	48.14	42.93	48.15	48.14	44.65	
2014-4-26	13:00:00	48.61	48.62	43.22	48.61	48.60	44.91	
2014-4-26	12:00:00	48.63	48.57	43.29	48.63	48.63	44.88	
2014-4-26	11:00:00	48.58	48.58	43.11	48.58	48.57	44.86	
2014-4-26	10:00:00	48.42	48.45	42.94	48.42	48.42	44.57	
2014-4-26	9:00:00	48.19	48.18	42.76	48.19	48.19	44.40	
2014-4-26	8:00:00	49.02	49.03	43.32	49.02	49.04	45.15	
2014-4-26	7:00:00	48.87	48.87	43.17	48.87	48.87	45.04	
2014-4-26	6:00:00	48.93	48.96	43.15	48.93	48.91	45.14	
2014-4-26	5:00:00	49.32	49.33	43.47	49.32	49.30	45.50	
2014-4-26	4:00:00	50.26	50.29	44.20	50.26	50.28	46.44	
2014-4-26	3:00:00	50.96	50.98	44.72	50.96	50.98	47.18	
2014-4-26	2:00:00	51.90	51.88	45.44	51.90	51.91	48.10	
2014-4-26	1:00:00	52.55	52.53	45.95	52.54	52.55	48.61	
2014-4-26	00:00:00	52.75	52.69	46.25	52.75	52.77	49.08	
2014-4-25	23:00:00	53.51	53.56	46.72	53.51	53.49	49.66	
2014-4-25	22:00:00	54.29	54.30	47.53	54.29	54.34	50.34	
2014-4-25	21:00:00	54.49	54.50	47.71	54.49	54.51	50.55	
2014-4-25	20:00:00	55.12	55.07	48.28	55.12	55.21	50.92	
2014-4-25	19:00:00	54.98	54.96	48.23	54.98	54.92	50.92	
2014-4-25	18:00:00	55.03	55.04	48.17	55.03	55.00	50.87	
2014-4-25	17:00:00	54.85	54.89	47.93	54.85	54.82	50.72	
2014-4-25	16:00:00	54.74	54.76	47.79	54.74	54.76	50.61	
2014-4-25	15:00:00	54.74	54.75	47.84	54.74	54.76	50.69	
2014-4-25	14:00:00	55.63	55.59	48.87	55.64	55.62	51.22	
2014-4-25	13:00:00	54.61	54.65	48.00	54.61	54.60	50.32	
2014-4-25	12:00:00	54.80	54.88	48.16	54.80	54.88	50.33	
2014-4-25	11:00:00	54.35	54.32	47.88	54.36	54.37	50.33	
2014-4-25	10:00:00	54.26	54.31	47.75	54.26	54.28	50.12	
2014-4-25	9:00:00	54.23	54.22	47.78	54.23	54.27	50.14	
2014-4-25	8:00:00	54.02	54.06	47.61	54.02	54.03	50.08	
2014-4-25	7:00:00	53.88	53.85	47.51	53.88	53.93	50.09	
2014-4-25	6:00:00	53.64	53.64	47.31	53.65	53.65	50.07	
2014-4-25	5:00:00	53.62	53.62	47.25	53.61	53.61	50.00	
2014-4-25	4:00:00	53.74	53.72	47.39	53.74	53.74	49.95	
2014-4-25	3:00:00	53.73	53.77	47.39	53.73	53.73	49.97	
2014-4-25	2:00:00	53.80	53.80	47.41	53.80	53.79	49.97	
2014-4-25	1:00:00	53.86	53.85	47.44	53.85	53.83	50.19	
2014-4-25	00:00:00	53.84	53.84	47.42	53.84	53.83	50.06	
2014-4-24	23:00:00	54.04	54.06	47.60	54.05	54.06	50.26	
2014-4-24	22:00:00	54.05	54.05	47.66	54.04	54.05	50.28	
2014-4-24	21:00:00	54.54	54.51	48.08	54.55	54.51	50.75	
2014-4-24	20:00:00	54.20	54.17	47.74	54.20	54.20	50.53	
2014-4-24	19:00:00	53.92	53.91	47.50	53.92	53.94	50.29	
2014-4-24	18:00:00	53.94	53.93	47.50	53.94	53.93	50.18	
2014-4-24	17:00:00	53.91	53.91	47.47	53.91	53.90	50.19	
2014-4-24	16:00:00	53.94	53.94	47.46	53.94	53.95	50.14	
2014-4-24	15:00:00	54.03	54.00	47.54	54.03	54.01	50.25	
2014-4-24	14:00:00	54.02	54.00	47.57	54.02	54.04	50.17	
2014-4-24	13:00:00	53.99	53.96	47.56	53.99	54.01	50.19	
2014-4-24	12:00:00	54.46	54.48	47.85	54.46	54.42	50.46	
2014-4-24	11:00:00	54.62	54.62	48.00	54.62	54.59	50.78	
2014-4-24	10:00:00	54.61	54.62	48.00	54.61	54.61	50.66	
2014-4-24	9:00:00	54.70	54.75	48.09	54.70	54.72	50.63	
2014-4-24	8:00:00	54.52	54.45	48.10	54.52	54.52	50.66	
2014-4-24	7:00:00	54.45	54.40	48.01	54.45	54.52	50.65	
2014-4-24	6:00:00	54.42	54.42	48.01	54.42	54.30	50.93	
2014-4-24	5:00:00	54.41	54.32	48.05	54.41	54.35	50.87	
2014-4-24	4:00:00	54.46	54.41	48.07	54.47	54.45	50.70	
2014-4-24	3:00:00	54.40	54.35	48.00	54.41	54.34	50.59	
2014-4-24	2:00:00	54.37	54.37	47.96	54.37	54.36	50.59	
2014-4-24	1:00:00	54.36	54.40	47.82	54.36	54.39	50.58	
2014-4-24	00:00:00	54.38	54.37	47.88	54.38	54.33	50.66	
2014-4-23	23:00:00	54.21	54.23	47.71	54.21	54.20	50.48	
2014-4-23	22:00:00	53.96	53.95	47.59	53.97	53.95	50.28	
2014-4-23	21:00:00	54.08	54.12	47.67	54.08	54.06	50.34	
2014-4-23	20:00:00	53.98	53.98	47.62	53.97	53.99	50.19	
2014-4-23	19:00:00	54.09	54.06	47.67	54.09	54.02	50.45	
2014-4-23	18:00:00	54.00	53.97	47.61	54.01	53.96	50.37	
2014-4-23	17:00:00	54.12	54.04	47.74	54.11	54.20	50.52	
2014-4-23	16:00:00	54.06	54.03	47.65	54.06	54.14	50.39	
2014-4-23	15:00:00	54.08	54.17	47.58	54.09	54.12	50.39	
2014-4-23	14:00:00	54.02	54.01	47.62	54.02	53.99	50.31	
2014-4-23	13:00:00	53.99	54.05	47.58	53.99	54.00	50.21	
2014-4-23	12:00:00	53.97	53.98	47.62	53.97	54.01	50.18	
2014-4-23	11:00:00	53.99	54.07	47.51	53.99	54.00	50.31	
2014-4-23	10:00:00	53.92	53.90	47.54	53.93	53.91	50.24	
2014-4-23	9:00:00	53.82	53.82	47.44	53.83	53.83	50.21	
2014-4-23	8:00:00	53.96	53.88	47.67	53.96	53.98	50.24	
2014-4-23	7:00:00	53.76	53.72	47.46	53.75	53.77	50.23	
2014-4-23	6:00:00	53.82	53.83	47.51	53.82	53.82	50.35	
2014-4-23	5:00:00	53.87	53.88	47.53	53.87	53.90	50.35	
2014-4-23	4:00:00	53.90	53.91	47.57	53.89	53.85	50.39	
2014-4-23	3:00:00	53.93	53.92	47.57	53.93	53.96	50.29	
2014-4-23	2:00:00	53.97	53.96	47.62	53.97	53.96	50.42	
2014-4-23	1:00:00	53.98	53.95	47.63	53.99	54.01	50.33	
2014-4-23	00:00:00	54.04	54.02	47.60	54.04	54.01	50.40	
2014-4-22	23:00:00	54.09	54.10	47.58	54.09	54.18	50.36	
2014-4-22	22:00:00	54.12	54.15	47.61	54.12	54.17	50.34	
2014-4-22	21:00:00	53.92	53.95	47.51	53.92	53.85	50.34	
2014-4-22	20:00:00	53.94	53.91	47.52	53.94	53.92	50.28	
2014-4-22	19:00:00	54.21	54.20	47.75	54.21	54.25	50.59	
2014-4-22	18:00:00	54.00	54.04	47.54	54.01	53.92	50.64	
2014-4-22	17:00:00	54.13	54.11	47.73	54.12	54.15	50.53	
2014-4-22	16:00:00	53.95	53.92	47.58	53.95	53.92	50.37	
2014-4-22	15:00:00	54.10	54.05	47.64	54.10	54.10	50.36	
2014-4-22	14:00:00	54.12	54.06	47.65	54.12	54.12	50.38	
2014-4-22	13:00:00	53.97	53.96	47.51	53.97	53.98	50.23	
2014-4-22	12:00:00	53.95	53.91	47.52	53.95	53.94	50.18	
2014-4-22	11:00:00	54.25	54.23	47.75	54.25	54.27	50.43	
2014-4-22	10:00:00	54.39	54.41	47.80	54.38	54.29	50.68	
2014-4-22	9:00:00	54.37	54.39	47.80	54.37	54.34	50.63	
2014-4-22	8:00:00	54.29	54.29	47.74	54.28	54.28	50.50	
2014-4-22	7:00:00	54.24	54.27	47.68	54.24	54.23	50.47	
2014-4-22	6:00:00	54.21	54.21	47.76	54.21	54.23	50.54	
2014-4-22	5:00:00	54.21	54.23	47.80	54.20	54.19	50.56	
2014-4-22	4:00:00	54.19	54.22	47.73	54.19	54.18	50.62	
2014-4-22	3:00:00	54.17	54.17	47.75	54.17	54.17	50.60	
2014-4-22	2:00:00	54.12	54.12	47.75	54.12	54.16	50.47	
2014-4-22	1:00:00	54.15	54.15	47.78	54.16	54.21	50.51	
2014-4-22	00:00:00	54.25	54.28	47.76	54.24	54.27	50.60	
2014-4-21	23:00:00	54.28	54.36	47.78	54.28	54.21	50.62	
2014-4-21	22:00:00	54.25	54.25	47.86	54.25	54.24	50.56	
2014-4-21	21:00:00	54.13	54.13	47.73	54.12	54.06	50.50	
2014-4-21	20:00:00	54.17	54.16	47.76	54.16	54.25	50.57	
2014-4-21	19:00:00	54.06	54.03	47.69	54.05	54.00	50.51	
2014-4-21	18:00:00	54.20	54.13	47.82	54.19	54.14	50.58	
2014-4-21	17:00:00	54.13	54.14	47.73	54.13	54.21	50.45	
2014-4-21	16:00:00	53.94	53.91	47.61	53.94	54.00	50.38	
2014-4-21	15:00:00	53.86	53.88	47.46	53.86	53.86	50.15	
2014-4-21	14:00:00	53.91	53.93	47.52	53.91	53.90	50.19	
2014-4-21	13:00:00	53.84	53.83	47.47	53.83	53.83	50.13	
2014-4-21	12:00:00	54.11	54.13	47.68	54.11	54.12	50.36	
2014-4-21	11:00:00	54.41	54.43	47.97	54.41	54.39	50.61	
2014-4-21	10:00:00	54.21	54.25	47.82	54.20	54.16	50.48	
2014-4-21	9:00:00	53.87	53.88	47.59	53.87	53.89	50.24	
2014-4-21	8:00:00	53.72	53.71	47.50	53.73	53.74	50.22	
2014-4-21	7:00:00	53.73	53.73	47.51	53.73	53.74	50.28	
2014-4-21	6:00:00	53.64	53.62	47.48	53.64	53.65	50.23	
2014-4-21	5:00:00	53.62	53.69	47.33	53.62	53.62	50.23	
2014-4-21	4:00:00	53.60	53.61	47.37	53.60	53.59	50.13	
2014-4-21	3:00:00	53.70	53.69	47.46	53.69	53.71	50.22	
2014-4-21	2:00:00	53.64	53.67	47.38	53.65	53.62	50.24	
2014-4-21	1:00:00	53.67	53.65	47.48	53.67	53.67	50.05	
2014-4-21	00:00:00	53.74	53.74	47.52	53.73	53.71	50.22	
2014-4-20	23:00:00	53.62	53.59	47.39	53.62	53.62	50.28	
2014-4-20	22:00:00	53.64	53.66	47.35	53.64	53.63	50.28	
2014-4-20	21:00:00	53.65	53.69	47.37	53.65	53.70	50.30	
2014-4-20	20:00:00	53.75	53.83	47.42	53.75	53.75	50.48	
2014-4-20	19:00:00	53.71	53.71	47.46	53.71	53.70	50.43	
2014-4-20	18:00:00	53.64	53.61	47.44	53.64	53.65	50.18	
2014-4-20	17:00:00	53.76	53.73	47.51	53.77	53.75	50.32	
2014-4-20	16:00:00	53.71	53.75	47.47	53.71	53.74	50.24	
2014-4-20	15:00:00	53.69	53.66	47.52	53.69	53.69	50.25	
2014-4-20	14:00:00	53.83	53.79	47.72	53.83	53.80	50.36	
2014-4-20	13:00:00	53.52	53.55	47.44	53.52	53.52	50.10	
2014-4-20	12:00:00	53.52	53.51	47.43	53.52	53.52	50.15	
2014-4-20	11:00:00	53.46	53.54	47.32	53.46	53.45	50.09	
2014-4-20	10:00:00	53.48	53.49	47.36	53.49	53.50	50.18	
2014-4-20	9:00:00	53.43	53.45	47.40	53.43	53.41	50.14	
2014-4-20	8:00:00	53.48	53.57	47.40	53.49	53.47	50.26	
2014-4-20	7:00:00	53.46	53.46	47.41	53.46	53.43	50.32	
2014-4-20	6:00:00	53.42	53.41	47.46	53.42	53.41	50.42	
2014-4-20	5:00:00	53.47	53.46	47.47	53.47	53.46	50.56	
2014-4-20	4:00:00	53.43	53.42	47.44	53.42	53.39	50.50	
2014-4-20	3:00:00	53.57	53.62	47.43	53.56	53.52	50.50	
2014-4-20	2:00:00	53.51	53.55	47.44	53.51	53.57	50.45	
2014-4-20	1:00:00	53.49	53.50	47.56	53.49	53.47	50.45	
2014-4-20	00:00:00	53.53	53.57	47.60	53.54	53.54	50.53	
2014-4-19	23:00:00	53.55	53.55	47.70	53.54	53.55	50.50	
2014-4-19	22:00:00	53.46	53.52	47.56	53.46	53.44	50.48	
2014-4-19	21:00:00	53.50	53.52	47.60	53.50	53.50	50.51	
2014-4-19	20:00:00	53.63	53.66	47.74	53.64	53.60	50.51	
2014-4-19	19:00:00	53.52	53.50	47.65	53.53	53.52	50.26	
2014-4-19	18:00:00	53.58	53.60	47.66	53.58	53.60	50.26	
2014-4-19	17:00:00	53.45	53.43	47.52	53.45	53.47	50.24	
2014-4-19	16:00:00	53.43	53.43	47.29	53.43	53.40	50.15	
2014-4-19	15:00:00	53.55	53.49	47.31	53.54	53.54	50.37	
2014-4-19	14:00:00	53.57	53.61	47.18	53.57	53.62	50.26	
2014-4-19	13:00:00	53.62	53.59	47.22	53.62	53.59	50.28	
2014-4-19	12:00:00	53.57	53.53	47.12	53.58	53.56	50.19	
2014-4-19	11:00:00	53.54	53.55	47.03	53.55	53.55	50.22	
2014-4-19	10:00:00	53.55	53.58	47.01	53.55	53.53	50.19	
2014-4-19	9:00:00	53.54	53.55	46.98	53.54	53.51	50.05	
2014-4-19	8:00:00	53.25	53.27	46.75	53.26	53.25	49.78	
2014-4-19	7:00:00	53.17	53.18	46.70	53.17	53.16	49.73	
2014-4-19	6:00:00	53.17	53.18	46.69	53.17	53.17	49.87	
2014-4-19	5:00:00	53.28	53.31	46.66	53.28	53.26	50.04	
2014-4-19	4:00:00	53.13	53.12	46.51	53.13	53.11	49.88	
2014-4-19	3:00:00	53.28	53.26	46.59	53.28	53.29	49.83	
2014-4-19	2:00:00	53.25	53.26	46.48	53.25	53.25	49.77	
2014-4-19	1:00:00	53.26	53.22	46.57	53.26	53.25	49.72	
2014-4-19	00:00:00	53.30	53.31	46.52	53.30	53.30	49.72	
2014-4-18	23:00:00	53.28	53.33	46.42	53.29	53.30	49.66	
2014-4-18	22:00:00	53.33	53.31	46.45	53.33	53.31	49.67	
2014-4-18	21:00:00	53.69	53.73	46.60	53.70	53.70	49.89	
2014-4-18	20:00:00	54.08	54.00	46.93	54.08	54.08	50.17	
2014-4-18	19:00:00	53.92	53.88	46.75	53.92	53.90	50.07	
2014-4-18	18:00:00	53.77	53.74	46.63	53.76	53.76	49.82	
2014-4-18	17:00:00	53.76	53.72	46.63	53.76	53.80	49.82	
2014-4-18	16:00:00	53.92	53.88	46.72	53.92	53.92	49.89	
2014-4-18	15:00:00	53.92	53.95	46.57	53.92	53.94	50.05	
2014-4-18	14:00:00	53.96	53.91	46.62	53.96	53.94	50.13	
2014-4-18	13:00:00	53.17	53.24	45.93	53.17	53.15	49.45	
2014-4-18	12:00:00	53.20	53.21	45.93	53.19	53.18	49.54	
2014-4-18	11:00:00	53.14	53.16	45.92	53.14	53.12	49.54	
2014-4-18	10:00:00	53.07	53.02	45.96	53.06	53.06	49.53	
2014-4-18	9:00:00	53.05	53.04	45.89	53.05	53.04	49.52	
2014-4-18	8:00:00	52.99	53.01	45.84	52.99	53.00	49.45	
2014-4-18	7:00:00	53.09	53.06	45.98	53.09	53.10	49.56	
2014-4-18	6:00:00	53.29	53.31	46.13	53.29	53.33	49.69	
2014-4-18	5:00:00	53.25	53.23	46.17	53.25	53.24	49.72	
2014-4-18	4:00:00	53.28	53.30	46.15	53.28	53.26	49.74	
2014-4-18	3:00:00	53.28	53.28	46.14	53.28	53.28	49.61	
2014-4-18	2:00:00	53.33	53.35	46.15	53.33	53.32	49.63	
2014-4-18	1:00:00	53.18	53.23	46.05	53.18	53.14	49.52	
2014-4-18	00:00:00	53.17	53.17	46.09	53.17	53.21	49.53	
2014-4-17	23:00:00	53.19	53.19	46.11	53.19	53.19	49.57	
2014-4-17	22:00:00	53.18	53.16	46.10	53.18	53.17	49.54	
2014-4-17	21:00:00	53.24	53.26	46.13	53.24	53.22	49.54	
2014-4-17	20:00:00	53.17	53.19	46.05	53.17	53.16	49.59	
2014-4-17	19:00:00	53.19	53.18	46.11	53.19	53.19	49.60	
2014-4-17	18:00:00	53.20	53.21	46.14	53.20	53.20	49.55	
2014-4-17	17:00:00	53.16	53.16	46.11	53.16	53.18	49.51	
2014-4-17	16:00:00	53.23	53.22	46.12	53.23	53.23	49.57	
2014-4-17	15:00:00	53.24	53.26	46.09	53.24	53.25	49.64	
2014-4-17	14:00:00	53.36	53.37	46.19	53.36	53.37	49.68	
2014-4-17	13:00:00	53.51	53.50	46.31	53.51	53.53	49.68	
2014-4-17	12:00:00	53.36	53.37	46.12	53.36	53.34	49.66	
2014-4-17	11:00:00	53.26	53.24	46.07	53.26	53.26	49.69	
2014-4-17	10:00:00	53.31	53.28	46.09	53.31	53.33	49.74	
2014-4-17	9:00:00	53.23	53.25	46.06	53.23	53.24	49.71	
2014-4-17	8:00:00	53.33	53.37	46.16	53.33	53.33	49.71	
2014-4-17	7:00:00	53.55	53.53	46.39	53.55	53.55	49.79	
2014-4-17	6:00:00	53.67	53.66	46.45	53.67	53.67	49.88	
2014-4-17	5:00:00	53.87	53.91	46.70	53.87	53.91	50.08	
2014-4-17	4:00:00	53.71	53.68	46.66	53.71	53.72	50.08	
2014-4-17	3:00:00	53.83	53.84	46.62	53.83	53.82	50.07	
2014-4-17	2:00:00	53.84	53.85	46.58	53.84	53.86	50.06	
2014-4-17	1:00:00	53.83	53.79	46.60	53.83	53.79	50.07	
2014-4-17	00:00:00	53.50	53.50	46.35	53.50	53.48	49.65	
2014-4-16	23:00:00	53.44	53.46	46.29	53.44	53.43	49.72	
2014-4-16	22:00:00	53.44	53.47	46.31	53.44	53.43	49.78	
2014-4-16	21:00:00	53.47	53.48	46.34	53.47	53.48	49.79	
2014-4-16	20:00:00	53.58	53.60	46.43	53.58	53.55	49.82	
2014-4-16	19:00:00	53.43	53.45	46.36	53.43	53.39	49.80	
2014-4-16	18:00:00	53.52	53.51	46.38	53.52	53.53	49.77	
2014-4-16	17:00:00	53.50	53.47	46.40	53.50	53.51	49.75	
2014-4-16	16:00:00	53.58	53.56	46.46	53.58	53.61	49.72	
2014-4-16	15:00:00	53.57	53.54	46.44	53.57	53.58	49.71	
2014-4-16	14:00:00	53.57	53.56	46.45	53.57	53.57	49.76	
2014-4-16	13:00:00	53.56	53.55	46.43	53.56	53.55	49.81	
2014-4-16	12:00:00	53.53	53.57	46.38	53.53	53.52	49.74	
2014-4-16	11:00:00	53.63	53.65	46.44	53.63	53.62	49.80	
2014-4-16	10:00:00	53.61	53.59	46.41	53.61	53.61	49.72	
2014-4-16	9:00:00	53.73	53.67	46.54	53.73	53.71	49.82	
2014-4-16	8:00:00	53.64	53.65	46.47	53.64	53.65	49.75	
2014-4-16	7:00:00	53.73	53.71	46.50	53.73	53.75	49.89	
2014-4-16	6:00:00	53.66	53.65	46.44	53.66	53.68	49.94	
2014-4-16	5:00:00	53.78	53.77	46.49	53.78	53.79	49.98	
2014-4-16	4:00:00	53.65	53.66	46.39	53.65	53.66	49.81	
2014-4-16	3:00:00	53.69	53.73	46.39	53.69	53.69	49.85	
2014-4-16	2:00:00	53.73	53.72	46.45	53.73	53.71	49.82	
2014-4-16	1:00:00	53.81	53.84	46.48	53.81	53.81	49.91	
2014-4-16	00:00:00	53.84	53.82	46.54	53.84	53.84	49.72	
2014-4-15	23:00:00	53.93	53.96	46.60	53.93	53.91	49.94	
2014-4-15	22:00:00	53.89	53.95	46.53	53.89	53.89	49.82	
2014-4-15	21:00:00	53.88	53.89	46.58	53.88	53.86	49.90	
2014-4-15	20:00:00	53.66	53.65	46.44	53.66	53.65	49.67	
2014-4-15	19:00:00	54.10	54.08	46.72	54.10	54.10	50.21	
2014-4-15	18:00:00	54.25	54.25	46.80	54.25	54.26	50.16	
2014-4-15	17:00:00	54.09	54.05	46.73	54.09	54.09	50.17	
2014-4-15	16:00:00	53.81	53.79	46.48	53.81	53.82	50.08	
2014-4-15	15:00:00	53.79	53.81	46.45	53.79	53.79	50.06	
2014-4-15	14:00:00	53.76	53.80	46.40	53.76	53.78	49.94	
2014-4-15	13:00:00	53.87	53.83	46.53	53.87	53.88	49.93	
2014-4-15	12:00:00	53.96	53.92	46.60	53.96	53.94	49.88	
2014-4-15	11:00:00	53.99	54.02	46.60	53.99	54.01	49.85	
2014-4-15	10:00:00	53.93	53.94	46.50	53.93	53.91	49.86	
2014-4-15	9:00:00	53.94	53.94	46.50	53.94	53.96	49.87	
2014-4-15	8:00:00	53.96	54.01	46.53	53.96	53.96	49.99	
2014-4-15	7:00:00	53.86	53.86	46.51	53.86	53.87	49.96	
2014-4-15	6:00:00	53.82	53.82	46.51	53.82	53.81	49.94	
2014-4-15	5:00:00	53.78	53.77	46.44	53.78	53.77	49.89	
2014-4-15	4:00:00	53.83	53.81	46.49	53.83	53.83	49.91	
2014-4-15	3:00:00	53.88	53.86	46.56	53.88	53.84	50.02	
2014-4-15	2:00:00	53.87	53.89	46.52	53.87	53.85	49.98	
2014-4-15	1:00:00	53.92	53.94	46.55	53.92	53.93	49.95	
2014-4-15	00:00:00	53.98	53.95	46.65	53.98	54.02	50.11	
2014-4-14	23:00:00	54.09	54.06	46.73	54.09	54.07	50.32	
2014-4-14	22:00:00	54.24	54.22	46.80	54.24	54.24	50.31	
2014-4-14	21:00:00	54.28	54.29	46.81	54.29	54.28	50.14	
2014-4-14	20:00:00	54.27	54.27	46.78	54.26	54.25	50.12	
2014-4-14	19:00:00	54.23	54.18	46.79	54.23	54.23	50.20	
2014-4-14	18:00:00	54.17	54.20	46.68	54.17	54.16	50.12	
2014-4-14	17:00:00	54.24	54.22	46.78	54.24	54.25	50.25	
2014-4-14	16:00:00	54.13	54.12	46.70	54.13	54.15	50.04	
2014-4-14	15:00:00	54.04	54.05	46.59	54.04	54.06	50.03	
2014-4-14	14:00:00	54.16	54.13	46.68	54.16	54.18	50.07	
2014-4-14	13:00:00	54.12	54.15	46.63	54.12	54.10	50.01	
2014-4-14	12:00:00	54.36	54.32	46.83	54.36	54.34	50.24	
2014-4-14	11:00:00	54.21	54.21	46.70	54.22	54.21	50.22	
2014-4-14	10:00:00	54.33	54.33	46.75	54.33	54.34	50.33	
2014-4-14	9:00:00	54.21	54.24	46.61	54.21	54.21	50.25	
2014-4-14	8:00:00	54.19	54.19	46.65	54.19	54.20	50.32	
2014-4-14	7:00:00	54.10	54.06	46.67	54.11	54.11	50.35	
2014-4-14	6:00:00	54.05	54.05	46.59	54.05	54.05	50.33	
2014-4-14	5:00:00	54.05	54.07	46.56	54.06	54.04	50.25	
2014-4-14	4:00:00	54.09	54.04	46.66	54.08	54.07	50.28	
2014-4-14	3:00:00	54.27	54.33	46.70	54.28	54.25	50.39	
2014-4-14	2:00:00	54.34	54.33	46.80	54.34	54.33	50.38	
2014-4-14	1:00:00	54.27	54.33	46.72	54.28	54.26	50.34	
2014-4-14	00:00:00	54.32	54.32	46.77	54.32	54.32	50.39	
2014-4-13	23:00:00	54.31	54.28	46.82	54.30	54.32	50.34	
2014-4-13	22:00:00	54.21	54.21	46.73	54.22	54.21	50.33	
2014-4-13	21:00:00	54.40	54.36	46.88	54.40	54.39	50.55	
2014-4-13	20:00:00	54.47	54.44	46.94	54.47	54.46	50.47	
2014-4-13	19:00:00	54.75	54.79	47.07	54.76	54.79	50.54	
2014-4-13	18:00:00	54.90	54.87	47.23	54.90	54.88	50.65	
2014-4-13	17:00:00	54.77	54.80	47.10	54.77	54.77	50.54	
2014-4-13	16:00:00	54.59	54.61	46.97	54.59	54.61	50.41	
2014-4-13	15:00:00	54.59	54.59	46.95	54.58	54.60	50.46	
2014-4-13	14:00:00	54.14	54.13	46.60	54.15	54.15	50.07	
2014-4-13	13:00:00	54.39	54.37	46.79	54.39	54.36	50.34	
2014-4-13	12:00:00	54.45	54.42	46.81	54.45	54.46	50.35	
2014-4-13	11:00:00	54.40	54.36	46.78	54.39	54.41	50.42	
2014-4-13	10:00:00	54.14	54.13	46.57	54.14	54.17	50.09	
2014-4-13	9:00:00	54.02	53.97	46.49	54.02	54.02	49.99	
2014-4-13	8:00:00	53.96	53.94	46.43	53.96	53.97	50.00	
2014-4-13	7:00:00	53.93	53.96	46.38	53.93	53.96	50.00	
2014-4-13	6:00:00	53.99	53.99	46.44	53.99	53.96	50.07	
2014-4-13	5:00:00	53.91	53.91	46.39	53.91	53.91	49.86	
2014-4-13	4:00:00	53.96	53.92	46.45	53.96	54.00	50.02	
2014-4-13	3:00:00	54.49	54.49	46.82	54.50	54.52	50.52	
2014-4-13	2:00:00	54.92	54.88	47.17	54.92	54.88	50.79	
2014-4-13	1:00:00	54.15	54.27	46.52	54.16	54.18	50.08	
2014-4-13	00:00:00	53.50	53.53	46.16	53.50	53.52	49.56	
2014-4-12	23:00:00	53.41	53.40	46.11	53.41	53.38	49.52	
2014-4-12	22:00:00	53.36	53.35	46.08	53.36	53.34	49.47	
2014-4-12	21:00:00	53.44	53.45	46.10	53.44	53.41	49.50	
2014-4-12	20:00:00	53.39	53.38	46.07	53.39	53.35	49.42	
2014-4-12	19:00:00	53.48	53.44	46.19	53.48	53.49	49.50	
2014-4-12	18:00:00	53.43	53.42	46.17	53.44	53.42	49.28	
2014-4-12	17:00:00	53.42	53.47	46.13	53.43	53.44	49.29	
2014-4-12	16:00:00	53.42	53.40	46.15	53.42	53.45	49.28	
2014-4-12	15:00:00	53.44	53.44	46.15	53.44	53.45	49.31	
2014-4-12	14:00:00	53.41	53.41	46.09	53.40	53.38	49.26	
2014-4-12	13:00:00	53.40	53.41	46.16	53.41	53.38	49.56	
2014-4-12	12:00:00	53.43	53.41	46.20	53.43	53.43	49.45	
2014-4-12	11:00:00	53.25	53.30	46.04	53.26	53.25	49.31	
2014-4-12	10:00:00	53.34	53.32	46.14	53.34	53.35	49.42	
2014-4-12	9:00:00	53.31	53.32	46.11	53.31	53.32	49.45	
2014-4-12	8:00:00	53.23	53.21	46.06	53.23	53.23	49.42	
2014-4-12	7:00:00	53.28	53.28	46.06	53.27	53.26	49.53	
2014-4-12	6:00:00	53.29	53.26	46.12	53.29	53.29	49.65	
2014-4-12	5:00:00	53.35	53.32	46.12	53.35	53.34	49.65	
2014-4-12	4:00:00	53.30	53.28	46.11	53.31	53.29	49.45	
2014-4-12	3:00:00	53.29	53.29	46.09	53.30	53.30	49.38	
2014-4-12	2:00:00	53.34	53.33	46.15	53.35	53.35	49.36	
2014-4-12	1:00:00	53.40	53.40	46.21	53.40	53.40	49.47	
2014-4-12	00:00:00	53.23	53.25	46.08	53.22	53.24	49.29	
2014-4-11	23:00:00	52.81	52.76	45.83	52.81	52.81	49.02	
2014-4-11	22:00:00	52.82	52.83	45.91	52.81	52.81	49.26	
2014-4-11	21:00:00	53.04	53.04	46.11	53.04	53.04	49.42	
2014-4-11	20:00:00	53.18	53.19	46.18	53.18	53.19	49.51	
2014-4-11	19:00:00	52.96	52.98	46.01	52.96	52.98	49.13	
2014-4-11	18:00:00	53.08	53.10	46.10	53.07	53.06	49.10	
2014-4-11	17:00:00	53.05	53.08	46.06	53.05	53.03	49.05	
2014-4-11	16:00:00	53.09	53.11	46.05	53.09	53.09	49.07	
2014-4-11	15:00:00	53.55	53.55	46.42	53.55	53.58	49.47	
2014-4-11	14:00:00	54.47	54.44	47.18	54.47	54.48	50.38	
2014-4-11	13:00:00	54.95	54.98	47.50	54.94	54.96	50.68	
2014-4-11	12:00:00	54.80	54.83	47.31	54.80	54.79	50.59	
2014-4-11	11:00:00	54.77	54.75	47.32	54.77	54.76	50.59	
2014-4-11	10:00:00	54.69	54.66	47.25	54.69	54.69	50.68	
2014-4-11	9:00:00	54.74	54.74	47.25	54.74	54.73	50.58	
2014-4-11	8:00:00	54.77	54.71	47.31	54.77	54.77	50.54	
2014-4-11	7:00:00	54.80	54.78	47.32	54.80	54.79	50.64	
2014-4-11	6:00:00	54.76	54.76	47.29	54.76	54.76	50.55	
2014-4-11	5:00:00	54.79	54.82	47.32	54.79	54.75	50.55	
2014-4-11	4:00:00	54.75	54.72	47.35	54.75	54.76	50.42	
2014-4-11	3:00:00	54.74	54.74	47.34	54.74	54.75	50.42	
2014-4-11	2:00:00	54.81	54.82	47.38	54.81	54.82	50.38	
2014-4-11	1:00:00	54.76	54.73	47.38	54.76	54.75	50.29	
2014-4-11	00:00:00	53.94	53.90	46.81	53.94	53.90	49.84	
2014-4-10	23:00:00	55.15	55.13	47.97	55.15	55.10	51.13	
2014-4-10	22:00:00	54.66	54.65	47.74	54.66	54.65	51.00	
2014-4-10	21:00:00	54.70	54.72	47.78	54.70	54.70	50.97	
2014-4-10	20:00:00	54.89	54.91	47.87	54.90	54.87	50.96	
2014-4-10	19:00:00	55.07	55.06	48.00	55.08	55.06	50.99	
2014-4-10	18:00:00	55.12	55.12	48.03	55.11	55.12	50.93	
2014-4-10	17:00:00	54.98	54.96	47.95	54.98	54.94	50.84	
2014-4-10	16:00:00	55.26	55.27	48.17	55.26	55.27	50.97	
2014-4-10	15:00:00	55.27	55.26	48.19	55.27	55.25	51.02	
2014-4-10	14:00:00	55.20	55.22	48.13	55.20	55.18	51.02	
2014-4-10	13:00:00	54.78	54.78	47.79	54.78	54.79	50.70	
2014-4-10	12:00:00	54.83	54.85	47.76	54.84	54.84	50.70	
2014-4-10	11:00:00	54.77	54.73	47.65	54.77	54.77	50.59	
2014-4-10	10:00:00	54.80	54.76	47.62	54.80	54.80	50.52	
2014-4-10	9:00:00	54.92	54.90	47.59	54.92	54.92	50.65	
2014-4-10	8:00:00	54.07	54.04	46.90	54.05	54.04	50.12	
2014-4-10	7:00:00	53.91	53.95	46.79	53.92	53.93	50.22	
2014-4-10	6:00:00	53.82	53.84	46.69	53.83	53.83	50.11	
2014-4-10	5:00:00	53.76	53.73	46.62	53.76	53.75	50.01	
2014-4-10	4:00:00	53.69	53.70	46.57	53.69	53.70	49.91	
2014-4-10	3:00:00	53.75	53.73	46.61	53.75	53.75	50.04	
2014-4-10	2:00:00	53.90	53.90	46.76	53.90	53.92	50.20	
2014-4-10	1:00:00	54.26	54.27	47.03	54.26	54.27	50.41	
2014-4-10	00:00:00	54.12	54.14	46.93	54.13	54.14	50.22	
2014-4-9	23:00:00	54.12	54.14	46.93	54.12	54.13	50.15	
2014-4-9	22:00:00	53.98	53.98	46.81	53.97	54.00	50.05	
2014-4-9	21:00:00	53.94	53.93	46.78	53.94	53.96	50.01	
2014-4-9	20:00:00	53.88	53.84	46.78	53.86	53.86	49.87	
2014-4-9	19:00:00	53.81	53.80	46.73	53.82	53.82	49.77	
2014-4-9	18:00:00	54.27	54.31	47.01	54.27	54.27	50.09	
2014-4-9	17:00:00	53.98	53.95	46.81	53.99	53.97	49.86	
2014-4-9	16:00:00	54.08	54.06	46.90	54.08	54.09	49.96	
2014-4-9	15:00:00	54.09	54.05	46.91	54.09	54.10	49.95	
2014-4-9	14:00:00	53.99	53.99	46.80	53.98	54.00	49.82	
2014-4-9	13:00:00	54.40	54.38	47.08	54.40	54.41	50.00	
2014-4-9	12:00:00	53.91	53.88	46.76	53.90	53.90	49.82	
2014-4-9	11:00:00	54.18	54.20	46.91	54.19	54.19	50.21	
2014-4-9	10:00:00	54.45	54.42	47.10	54.45	54.43	50.39	
2014-4-9	9:00:00	54.41	54.43	47.04	54.42	54.41	50.25	
2014-4-9	8:00:00	54.56	54.55	47.20	54.54	54.53	50.42	
2014-4-9	7:00:00	54.41	54.44	47.09	54.40	54.42	50.54	
2014-4-9	6:00:00	54.46	54.45	47.21	54.47	54.46	50.39	
2014-4-9	5:00:00	54.47	54.46	47.20	54.46	54.46	50.39	
2014-4-9	4:00:00	54.49	54.45	47.17	54.48	54.51	50.59	
2014-4-9	3:00:00	54.36	54.36	47.05	54.36	54.37	50.40	
2014-4-9	2:00:00	54.35	54.31	47.07	54.34	54.36	50.42	
2014-4-9	1:00:00	54.42	54.44	47.09	54.42	54.41	50.57	
2014-4-9	00:00:00	54.61	54.64	47.23	54.61	54.63	50.60	
2014-4-8	23:00:00	54.76	54.76	47.41	54.75	54.77	50.70	
2014-4-8	22:00:00	54.79	54.83	47.40	54.80	54.81	50.66	
2014-4-8	21:00:00	54.71	54.68	47.38	54.72	54.72	50.63	
2014-4-8	20:00:00	54.78	54.81	47.41	54.79	54.82	50.80	
2014-4-8	19:00:00	54.90	54.82	47.55	54.89	54.87	50.92	
2014-4-8	18:00:00	55.00	54.97	47.59	55.00	55.01	50.75	
2014-4-8	17:00:00	54.67	54.67	47.35	54.67	54.69	50.46	
2014-4-8	16:00:00	54.75	54.75	47.43	54.75	54.74	50.64	
2014-4-8	15:00:00	55.15	55.11	47.78	55.15	55.15	50.96	
2014-4-8	14:00:00	55.08	55.05	47.76	55.07	55.05	50.96	
2014-4-8	13:00:00	55.11	55.15	47.70	55.11	55.12	50.99	
2014-4-8	12:00:00	55.20	55.19	47.80	55.20	55.18	51.03	
2014-4-8	11:00:00	55.18	55.20	47.80	55.19	55.17	51.10	
2014-4-8	10:00:00	55.21	55.27	47.79	55.21	55.23	51.12	
2014-4-8	9:00:00	55.12	55.10	47.76	55.11	55.09	51.25	
2014-4-8	8:00:00	55.40	55.44	48.00	55.40	55.42	51.44	
2014-4-8	7:00:00	55.46	55.36	48.13	55.46	55.50	51.34	
2014-4-8	6:00:00	55.42	55.40	48.00	55.42	55.41	51.40	
2014-4-8	5:00:00	55.38	55.39	47.94	55.39	55.40	51.44	
2014-4-8	4:00:00	55.51	55.50	48.04	55.51	55.48	51.58	
2014-4-8	3:00:00	55.33	55.34	47.89	55.33	55.34	51.27	
2014-4-8	2:00:00	55.45	55.39	48.08	55.46	55.40	51.31	
2014-4-8	1:00:00	55.45	55.54	48.02	55.45	55.48	51.28	
2014-4-8	00:00:00	55.48	55.46	48.12	55.48	55.49	51.37	
2014-4-7	23:00:00	55.40	55.44	48.01	55.40	55.37	51.24	
2014-4-7	22:00:00	55.54	55.57	48.17	55.54	55.51	51.47	
2014-4-7	21:00:00	55.86	55.96	48.35	55.86	55.87	51.67	
2014-4-7	20:00:00	55.04	55.08	47.78	55.03	55.02	51.11	
2014-4-7	19:00:00	54.84	54.83	47.64	54.84	54.83	50.89	
2014-4-7	18:00:00	54.92	54.90	47.76	54.91	54.93	50.75	
2014-4-7	17:00:00	54.92	54.93	47.74	54.92	54.92	50.71	
2014-4-7	16:00:00	54.87	54.86	47.73	54.87	54.86	50.77	
2014-4-7	15:00:00	54.88	54.86	47.76	54.88	54.90	50.71	
2014-4-7	14:00:00	54.74	54.71	47.66	54.75	54.75	50.74	
2014-4-7	13:00:00	54.81	54.75	47.72	54.81	54.81	50.95	
2014-4-7	12:00:00	54.90	54.90	47.72	54.91	54.92	51.01	
2014-4-7	11:00:00	54.81	54.85	47.63	54.81	54.81	51.03	
2014-4-7	10:00:00	55.06	55.05	47.83	55.05	55.06	51.08	
2014-4-7	9:00:00	55.16	55.20	47.87	55.16	55.17	51.15	
2014-4-7	8:00:00	55.11	55.10	47.86	55.12	55.12	51.22	
2014-4-7	7:00:00	55.02	55.04	47.83	55.02	55.02	51.23	
2014-4-7	6:00:00	55.11	55.07	47.93	55.11	55.10	51.23	
2014-4-7	5:00:00	55.18	55.12	47.99	55.17	55.17	51.33	
2014-4-7	4:00:00	55.15	55.16	47.91	55.14	55.16	51.30	
2014-4-7	3:00:00	55.23	55.19	47.99	55.23	55.23	51.23	
2014-4-7	2:00:00	55.32	55.39	48.01	55.32	55.31	51.37	
2014-4-7	1:00:00	55.26	55.24	48.03	55.26	55.23	51.34	
2014-4-7	00:00:00	55.25	55.27	48.01	55.24	55.22	51.23	
2014-4-6	23:00:00	55.21	55.19	47.95	55.21	55.20	51.21	
2014-4-6	22:00:00	55.30	55.25	48.04	55.30	55.25	51.26	
2014-4-6	21:00:00	55.35	55.32	48.00	55.36	55.34	51.18	
2014-4-6	20:00:00	55.32	55.36	47.87	55.32	55.29	51.10	
2014-4-6	19:00:00	54.71	54.68	47.48	54.71	54.73	50.51	
2014-4-6	18:00:00	54.67	54.68	47.43	54.67	54.71	50.51	
2014-4-6	17:00:00	54.82	54.81	47.55	54.83	54.82	50.61	
2014-4-6	16:00:00	54.64	54.67	47.36	54.64	54.65	50.59	
2014-4-6	15:00:00	54.65	54.65	47.36	54.65	54.70	50.65	
2014-4-6	14:00:00	54.60	54.54	47.36	54.61	54.58	50.82	
2014-4-6	13:00:00	54.59	54.57	47.33	54.58	54.57	50.71	
2014-4-6	12:00:00	54.82	54.88	47.46	54.82	54.84	50.74	
2014-4-6	11:00:00	54.82	54.83	47.51	54.82	54.83	50.68	
2014-4-6	10:00:00	54.67	54.64	47.43	54.66	54.65	50.70	
2014-4-6	9:00:00	54.74	54.78	47.41	54.74	54.74	50.77	
2014-4-6	8:00:00	54.69	54.67	47.47	54.69	54.68	50.68	
2014-4-6	7:00:00	54.74	54.75	47.56	54.74	54.73	50.89	
2014-4-6	6:00:00	54.61	54.61	47.44	54.61	54.62	50.89	
2014-4-6	5:00:00	54.67	54.67	47.42	54.67	54.65	50.91	
2014-4-6	4:00:00	54.66	54.66	47.33	54.66	54.69	50.89	
2014-4-6	3:00:00	54.73	54.75	47.35	54.74	54.70	51.00	
2014-4-6	2:00:00	54.70	54.68	47.34	54.71	54.70	50.97	
2014-4-6	1:00:00	54.61	54.61	47.23	54.61	54.62	50.80	
2014-4-6	00:00:00	54.69	54.69	47.28	54.68	54.69	50.89	
2014-4-5	23:00:00	54.70	54.76	47.30	54.70	54.67	50.92	
2014-4-5	22:00:00	54.64	54.65	47.29	54.64	54.67	50.69	
2014-4-5	21:00:00	55.06	55.02	47.59	55.05	55.02	51.08	
2014-4-5	20:00:00	55.46	55.52	47.76	55.46	55.42	51.25	
2014-4-5	19:00:00	54.91	54.92	47.33	54.91	54.95	50.71	
2014-4-5	18:00:00	55.62	55.61	47.93	55.63	55.56	51.40	
2014-4-5	17:00:00	55.64	55.70	47.88	55.64	55.69	51.15	
2014-4-5	16:00:00	55.60	55.52	47.90	55.59	55.62	50.97	
2014-4-5	15:00:00	55.22	55.22	47.53	55.21	55.22	50.80	
2014-4-5	14:00:00	55.51	55.51	47.70	55.51	55.48	50.98	
2014-4-5	13:00:00	55.23	55.25	47.54	55.23	55.27	50.61	
2014-4-5	12:00:00													
2014-4-5	11:00:00													
2014-4-5	10:00:00													
2014-4-5	9:00:00													
2014-4-5	8:00:00													
2014-4-5	7:00:00													
2014-4-5	6:00:00													
2014-4-5	5:00:00													
2014-4-5	4:00:00													
2014-4-5	3:00:00													
2014-4-5	2:00:00													
2014-4-5	1:00:00													
2014-4-5	00:00:00													
2014-4-4	23:00:00													
2014-4-4	22:00:00													
2014-4-4	21:00:00													
2014-4-4	20:00:00													
2014-4-4	19:00:00													
2014-4-4	18:00:00													
2014-4-4	17:00:00													
2014-4-4	16:00:00													
2014-4-4	15:00:00													
2014-4-4	14:00:00													
2014-4-4	13:00:00													
2014-4-4	12:00:00													
2014-4-4	11:00:00													
2014-4-4	10:00:00													
2014-4-4	9:00:00													
2014-4-4	8:00:00													
2014-4-4	7:00:00													
2014-4-4	6:00:00													
2014-4-4	5:00:00													
2014-4-4	4:00:00													
2014-4-4	3:00:00													
2014-4-4	2:00:00													
2014-4-4	1:00:00													
2014-4-4	00:00:00													
2014-4-3	23:00:00													
2014-4-3	22:00:00													
2014-4-3	21:00:00													
2014-4-3	20:00:00													
2014-4-3	19:00:00													
2014-4-3	18:00:00													
2014-4-3	17:00:00													
2014-4-3	16:00:00													
2014-4-3	15:00:00													
2014-4-3	14:00:00													
2014-4-3	13:00:00													
2014-4-3	12:00:00													
2014-4-3	11:00:00													
2014-4-3	10:00:00													
2014-4-3	9:00:00													
2014-4-3	8:00:00													
2014-4-3	7:00:00													
2014-4-3	6:00:00													
2014-4-3	5:00:00													
2014-4-3	4:00:00													
2014-4-3	3:00:00													
2014-4-3	2:00:00													
2014-4-3	1:00:00													
2014-4-3	00:00:00													
2014-4-2	23:00:00													
2014-4-2	22:00:00													
2014-4-2	21:00:00													
2014-4-2	20:00:00													
2014-4-2	19:00:00													
2014-4-2	18:00:00													
2014-4-2	17:00:00													
2014-4-2	16:00:00													
2014-4-2	15:00:00													
2014-4-2	14:00:00													
2014-4-2	13:00:00													
2014-4-2	12:00:00													
2014-4-2	11:00:00													
2014-4-2	10:00:00													
2014-4-2	9:00:00													
2014-4-2	8:00:00													
2014-4-2	7:00:00													
2014-4-2	6:00:00													
2014-4-2	5:00:00													
2014-4-2	4:00:00													
2014-4-2	3:00:00													
2014-4-2	2:00:00													
2014-4-2	1:00:00													
2014-4-2	00:00:00													
2014-4-1	23:00:00													
2014-4-1	22:00:00													
2014-4-1	21:00:00													
2014-4-1	20:00:00													
2014-4-1	19:00:00													
2014-4-1	18:00:00													
2014-4-1	17:00:00													
2014-4-1	16:00:00													
2014-4-1	15:00:00													
2014-4-1	14:00:00													
2014-4-1	13:00:00													
2014-4-1	12:00:00													
2014-4-1	11:00:00													
2014-4-1	10:00:00													
2014-4-1	9:00:00													
2014-4-1	8:00:00													
2014-4-1	7:00:00													
2014-4-1	6:00:00													
2014-4-1	5:00:00													
2014-4-1	4:00:00													
2014-4-1	3:00:00													
2014-4-1	2:00:00													
2014-4-1	1:00:00													
2014-4-1	00:00:00													
2014-3-31	23:00:00													
2014-3-31	22:00:00													
2014-3-31	21:00:00													
2014-3-31	20:00:00													
2014-3-31	19:00:00													
2014-3-31	18:00:00													
2014-3-31	17:00:00													
2014-3-31	16:00:00													
2014-3-31	15:00:00													
2014-3-31	14:00:00													
2014-3-31	13:00:00													
2014-3-31	12:00:00													
2014-3-31	11:00:00													
2014-3-31	10:00:00													
2014-3-31	9:00:00													
2014-3-31	8:00:00													
2014-3-31	7:00:00													
2014-3-31	6:00:00													
2014-3-31	5:00:00													
2014-3-31	4:00:00													
2014-3-31	3:00:00													
2014-3-31	2:00:00													
2014-3-31	1:00:00													
2014-3-31	00:00:00													
2014-3-30	23:00:00													
2014-3-30	22:00:00													
2014-3-30	21:00:00													
2014-3-30	20:00:00													
2014-3-30	19:00:00													
2014-3-30	18:00:00													
2014-3-30	17:00:00													
2014-3-30	16:00:00													
2014-3-30	15:00:00													
2014-3-30	14:00:00													
2014-3-30	13:00:00													
2014-3-30	12:00:00													
2014-3-30	11:00:00													
2014-3-30	10:00:00													
2014-3-30	9:00:00													
2014-3-30	8:00:00													
2014-3-30	7:00:00													
2014-3-30	6:00:00													
2014-3-30	5:00:00													
2014-3-30	4:00:00													
2014-3-30	3:00:00													
2014-3-30	2:00:00													
2014-3-30	1:00:00													
2014-3-30	00:00:00													
2014-3-29	23:00:00													
2014-3-29	22:00:00													
2014-3-29	21:00:00													
2014-3-29	20:00:00													
2014-3-29	19:00:00													
2014-3-29	18:00:00													
2014-3-29	17:00:00													
2014-3-29	16:00:00													
2014-3-29	15:00:00													
2014-3-29	14:00:00													
2014-3-29	13:00:00													
2014-3-29	12:00:00													
2014-3-29	11:00:00													
2014-3-29	10:00:00													
2014-3-29	9:00:00													
2014-3-29	8:00:00													
2014-3-29	7:00:00													
2014-3-29	6:00:00													
2014-3-29	5:00:00													
2014-3-29	4:00:00													
2014-3-29	3:00:00													
2014-3-29	2:00:00													
2014-3-29	1:00:00													
2014-3-29	00:00:00													
2014-3-28	23:00:00													
2014-3-28	22:00:00													
2014-3-28	21:00:00													
2014-3-28	20:00:00													
2014-3-28	19:00:00													
2014-3-28	18:00:00													
2014-3-28	17:00:00													
2014-3-28	16:00:00													
2014-3-28	15:00:00													
2014-3-28	14:00:00													
2014-3-28	13:00:00													
2014-3-28	12:00:00													
2014-3-28	11:00:00													
2014-3-28	10:00:00													
2014-3-28	9:00:00													
2014-3-28	8:00:00													
2014-3-28	7:00:00													
2014-3-28	6:00:00													
2014-3-28	5:00:00													
2014-3-28	4:00:00													
2014-3-28	3:00:00													
2014-3-28	2:00:00													
2014-3-28	1:00:00													
2014-3-28	00:00:00													
2014-3-27	23:00:00													
2014-3-27	22:00:00													
2014-3-27	21:00:00													
2014-3-27	20:00:00													
2014-3-27	19:00:00													
2014-3-27	18:00:00													
2014-3-27	17:00:00													
2014-3-27	16:00:00													
2014-3-27	15:00:00													
2014-3-27	14:00:00													
2014-3-27	13:00:00													
2014-3-27	12:00:00													
2014-3-27	11:00:00													
2014-3-27	10:00:00													
2014-3-27	9:00:00													
2014-3-27	8:00:00													
2014-3-27	7:00:00													
2014-3-27	6:00:00													
2014-3-27	5:00:00													
2014-3-27	4:00:00													
2014-3-27	3:00:00													
2014-3-27	2:00:00													
2014-3-27	1:00:00													
2014-3-27	00:00:00													
2014-3-26	23:00:00													
2014-3-26	22:00:00													
2014-3-26	21:00:00													
2014-3-26	20:00:00													
2014-3-26	19:00:00													
2014-3-26	18:00:00													
2014-3-26	17:00:00													
2014-3-26	16:00:00													
2014-3-26	15:00:00													
2014-3-26	14:00:00													
2014-3-26	13:00:00													
2014-3-26	12:00:00													
2014-3-26	11:00:00													
2014-3-26	10:00:00													
2014-3-26	9:00:00													
2014-3-26	8:00:00													
2014-3-26	7:00:00													
2014-3-26	6:00:00													
2014-3-26	5:00:00													
2014-3-26	4:00:00													
2014-3-26	3:00:00													
2014-3-26	2:00:00													
2014-3-26	1:00:00													
2014-3-26	00:00:00													
2014-3-25	23:00:00													
2014-3-25	22:00:00													
2014-3-25	21:00:00													
2014-3-25	20:00:00													
2014-3-25	19:00:00													
2014-3-25	18:00:00													
2014-3-25	17:00:00													
2014-3-25	16:00:00													
2014-3-25	15:00:00													
2014-3-25	14:00:00													
2014-3-25	13:00:00													
2014-3-25	12:00:00													
2014-3-25	11:00:00													
2014-3-25	10:00:00													
2014-3-25	9:00:00													
2014-3-25	8:00:00													
2014-3-25	7:00:00													
2014-3-25	6:00:00													
2014-3-25	5:00:00													
2014-3-25	4:00:00													
2014-3-25	3:00:00													
2014-3-25	2:00:00													
2014-3-25	1:00:00													
2014-3-25	00:00:00													
2014-3-24	23:00:00													
2014-3-24	22:00:00													
2014-3-24	21:00:00													
2014-3-24	20:00:00													
2014-3-24	19:00:00													
2014-3-24	18:00:00													
2014-3-24	17:00:00													
2014-3-24	16:00:00													
2014-3-24	15:00:00													
2014-3-24	14:00:00													
2014-3-24	13:00:00													
2014-3-24	12:00:00													
2014-3-24	11:00:00													
2014-3-24	10:00:00													
2014-3-24	9:00:00													
2014-3-24	8:00:00													
2014-3-24	7:00:00													
2014-3-24	6:00:00													
2014-3-24	5:00:00													
2014-3-24	4:00:00													
2014-3-24	3:00:00													
2014-3-24	2:00:00													
2014-3-24	1:00:00													
2014-3-24	00:00:00													
2014-3-23	23:00:00													
2014-3-23	22:00:00													
2014-3-23	21:00:00													
2014-3-23	20:00:00													
2014-3-23	19:00:00													
2014-3-23	18:00:00													
2014-3-23	17:00:00													
2014-3-23	16:00:00													
2014-3-23	15:00:00													
2014-3-23	14:00:00													
2014-3-23	13:00:00													
2014-3-23	12:00:00													
2014-3-23	11:00:00													
2014-3-23	10:00:00													
2014-3-23	9:00:00													
2014-3-23	8:00:00													
2014-3-23	7:00:00													
2014-3-23	6:00:00													
2014-3-23	5:00:00													
2014-3-23	4:00:00													
2014-3-23	3:00:00													
2014-3-23	2:00:00													
2014-3-23	1:00:00													
2014-3-23	00:00:00													
2014-3-22	23:00:00													
2014-3-22	22:00:00													
2014-3-22	21:00:00													
2014-3-22	20:00:00													
2014-3-22	19:00:00													
2014-3-22	18:00:00													
2014-3-22	17:00:00													
2014-3-22	16:00:00													
2014-3-22	15:00:00													
2014-3-22	14:00:00													
2014-3-22	13:00:00													
2014-3-22	12:00:00													
2014-3-22	11:00:00													
2014-3-22	10:00:00													
2014-3-22	9:00:00													
2014-3-22	8:00:00													
2014-3-22	7:00:00													
2014-3-22	6:00:00													
2014-3-22	5:00:00													
2014-3-22	4:00:00													
2014-3-22	3:00:00													
2014-3-22	2:00:00													
2014-3-22	1:00:00													
2014-3-22	00:00:00													
2014-3-21	23:00:00													
2014-3-21	22:00:00													
2014-3-21	21:00:00													
2014-3-21	20:00:00													
2014-3-21	19:00:00													
2014-3-21	18:00:00													
2014-3-21	17:00:00													
2014-3-21	16:00:00													
2014-3-21	15:00:00													
2014-3-21	14:00:00													
2014-3-21	13:00:00													
2014-3-21	12:00:00													
2014-3-21	11:00:00													
2014-3-21	10:00:00													
2014-3-21	9:00:00													
2014-3-21	8:00:00													
2014-3-21	7:00:00													
2014-3-21	6:00:00													
2014-3-21	5:00:00													
2014-3-21	4:00:00													
2014-3-21	3:00:00													
2014-3-21	2:00:00													
2014-3-21	1:00:00													
2014-3-21	00:00:00													
2014-3-20	23:00:00													
2014-3-20	22:00:00													
2014-3-20	21:00:00													
2014-3-20	20:00:00													
2014-3-20	19:00:00													
2014-3-20	18:00:00													
2014-3-20	17:00:00													
2014-3-20	16:00:00													
2014-3-20	15:00:00													
2014-3-20	14:00:00													
2014-3-20	13:00:00													
2014-3-20	12:00:00													
2014-3-20	11:00:00													
2014-3-20	10:00:00													
2014-3-20	9:00:00													
2014-3-20	8:00:00													
2014-3-20	7:00:00													
2014-3-20	6:00:00													
2014-3-20	5:00:00													
2014-3-20	4:00:00													
2014-3-20	3:00:00													
2014-3-20	2:00:00													
2014-3-20	1:00:00													
2014-3-20	00:00:00													
2014-3-19	23:00:00													
2014-3-19	22:00:00													
2014-3-19	21:00:00													
2014-3-19	20:00:00													
2014-3-19	19:00:00													
2014-3-19	18:00:00													
2014-3-19	17:00:00													
2014-3-19	16:00:00													
2014-3-19	15:00:00													
2014-3-19	14:00:00													
2014-3-19	13:00:00													
2014-3-19	12:00:00													
2014-3-19	11:00:00													
2014-3-19	10:00:00													
2014-3-19	9:00:00													
2014-3-19	8:00:00													
2014-3-19	7:00:00													
2014-3-19	6:00:00													
2014-3-19	5:00:00													
2014-3-19	4:00:00													
2014-3-19	3:00:00													
2014-3-19	2:00:00													
2014-3-19	1:00:00													
2014-3-19	00:00:00													
2014-3-18	23:00:00													
2014-3-18	22:00:00													
2014-3-18	21:00:00													
2014-3-18	20:00:00													
2014-3-18	19:00:00													
2014-3-18	18:00:00													
2014-3-18	17:00:00													
2014-3-18	16:00:00													
2014-3-18	15:00:00													
2014-3-18	14:00:00													
2014-3-18	13:00:00													
2014-3-18	12:00:00													
2014-3-18	11:00:00													
2014-3-18	10:00:00													
2014-3-18	9:00:00													
2014-3-18	8:00:00													
2014-3-18	7:00:00													
2014-3-18	6:00:00													
2014-3-18	5:00:00													
2014-3-18	4:00:00													
2014-3-18	3:00:00													
2014-3-18	2:00:00													
2014-3-18	1:00:00													
2014-3-18	00:00:00													
2014-3-17	23:00:00													
2014-3-17	22:00:00													
2014-3-17	21:00:00													
2014-3-17	20:00:00													
2014-3-17	19:00:00													
2014-3-17	18:00:00													
2014-3-17	17:00:00													
2014-3-17	16:00:00													
2014-3-17	15:00:00													
2014-3-17	14:00:00													
2014-3-17	13:00:00													
2014-3-17	12:00:00													
2014-3-17	11:00:00													
2014-3-17	10:00:00													
2014-3-17	9:00:00													
2014-3-17	8:00:00													
2014-3-17	7:00:00													
2014-3-17	6:00:00													
2014-3-17	5:00:00													
2014-3-17	4:00:00													
2014-3-17	3:00:00													
2014-3-17	2:00:00													
2014-3-17	1:00:00													
2014-3-17	00:00:00													
2014-3-16	23:00:00													
2014-3-16	22:00:00													
2014-3-16	21:00:00													
2014-3-16	20:00:00													
2014-3-16	19:00:00													
2014-3-16	18:00:00													
2014-3-16	17:00:00													
2014-3-16	16:00:00													
2014-3-16	15:00:00													
2014-3-16	14:00:00													
2014-3-16	13:00:00													
2014-3-16	12:00:00													
2014-3-16	11:00:00													
2014-3-16	10:00:00													
2014-3-16	9:00:00													
2014-3-16	8:00:00													
2014-3-16	7:00:00													
2014-3-16	6:00:00													
2014-3-16	5:00:00													
2014-3-16	4:00:00													
2014-3-16	3:00:00													
2014-3-16	2:00:00													
2014-3-16	1:00:00													
2014-3-16	00:00:00													
2014-3-15	23:00:00													
2014-3-15	22:00:00													
2014-3-15	21:00:00													
2014-3-15	20:00:00													
2014-3-15	19:00:00													
2014-3-15	18:00:00													
2014-3-15	17:00:00													
2014-3-15	16:00:00													
2014-3-15	15:00:00													
2014-3-15	14:00:00													
2014-3-15	13:00:00													
2014-3-15	12:00:00													
2014-3-15	11:00:00													
2014-3-15	10:00:00													
2014-3-15	9:00:00													
2014-3-15	8:00:00													
2014-3-15	7:00:00													
2014-3-15	6:00:00													
2014-3-15	5:00:00													
2014-3-15	4:00:00													
2014-3-15	3:00:00													
2014-3-15	2:00:00													
2014-3-15	1:00:00													
2014-3-15	00:00:00													
2014-3-14	23:00:00													
2014-3-14	22:00:00													
2014-3-14	21:00:00													
2014-3-14	20:00:00													
2014-3-14	19:00:00													
2014-3-14	18:00:00													
2014-3-14	17:00:00													
2014-3-14	16:00:00													
2014-3-14	15:00:00													
2014-3-14	14:00:00													
2014-3-14	13:00:00													
2014-3-14	12:00:00													
2014-3-14	11:00:00													
2014-3-14	10:00:00													
2014-3-14	9:00:00													
2014-3-14	8:00:00													
2014-3-14	7:00:00													
2014-3-14	6:00:00													
2014-3-14	5:00:00													
2014-3-14	4:00:00													
2014-3-14	3:00:00													
2014-3-14	2:00:00													
2014-3-14	1:00:00													
2014-3-14	00:00:00													
2014-3-13	23:00:00													
2014-3-13	22:00:00													
2014-3-13	21:00:00													
2014-3-13	20:00:00													
2014-3-13	19:00:00													
2014-3-13	18:00:00													
2014-3-13	17:00:00													
2014-3-13	16:00:00													
2014-3-13	15:00:00													
2014-3-13	14:00:00													
2014-3-13	13:00:00													
2014-3-13	12:00:00													
2014-3-13	11:00:00													
2014-3-13	10:00:00													
2014-3-13	9:00:00													
2014-3-13	8:00:00													
2014-3-13	7:00:00													
2014-3-13	6:00:00													
2014-3-13	5:00:00													
2014-3-13	4:00:00													
2014-3-13	3:00:00													
2014-3-13	2:00:00													
2014-3-13	1:00:00													
2014-3-13	00:00:00													
2014-3-12	23:00:00													
2014-3-12	22:00:00													
2014-3-12	21:00:00													
2014-3-12	20:00:00													
2014-3-12	19:00:00													
2014-3-12	18:00:00													
2014-3-12	17:00:00													
2014-3-12	16:00:00													
2014-3-12	15:00:00													
2014-3-12	14:00:00													
2014-3-12	13:00:00													
2014-3-12	12:00:00													
2014-3-12	11:00:00													
2014-3-12	10:00:00													
2014-3-12	9:00:00													
2014-3-12	8:00:00													
2014-3-12	7:00:00													
2014-3-12	6:00:00													
2014-3-12	5:00:00													
2014-3-12	4:00:00													
2014-3-12	3:00:00													
2014-3-12	2:00:00													
2014-3-12	1:00:00													
2014-3-12	00:00:00													
2014-3-11	23:00:00													
2014-3-11	22:00:00													
2014-3-11	21:00:00													
2014-3-11	20:00:00													
2014-3-11	19:00:00													
2014-3-11	18:00:00													
2014-3-11	17:00:00													
2014-3-11	16:00:00													
2014-3-11	15:00:00													
2014-3-11	14:00:00													
2014-3-11	13:00:00													
2014-3-11	12:00:00													
2014-3-11	11:00:00													
2014-3-11	10:00:00													
2014-3-11	9:00:00													
2014-3-11	8:00:00													
2014-3-11	7:00:00													
2014-3-11	6:00:00													
2014-3-11	5:00:00													
2014-3-11	4:00:00													
2014-3-11	3:00:00													
2014-3-11	2:00:00													
2014-3-11	1:00:00													
2014-3-11	00:00:00													
2014-3-10	23:00:00													
2014-3-10	22:00:00													
2014-3-10	21:00:00													
2014-3-10	20:00:00													
2014-3-10	19:00:00													
2014-3-10	18:00:00													
2014-3-10	17:00:00													
2014-3-10	16:00:00													
2014-3-10	15:00:00													
2014-3-10	14:00:00													
2014-3-10	13:00:00													
2014-3-10	12:00:00													
2014-3-10	11:00:00													
2014-3-10	10:00:00													
2014-3-10	9:00:00													
2014-3-10	8:00:00													
2014-3-10	7:00:00													
2014-3-10	6:00:00													
2014-3-10	5:00:00													
2014-3-10	4:00:00													
2014-3-10	3:00:00													
2014-3-10	2:00:00													
2014-3-10	1:00:00													
2014-3-10	00:00:00													
2014-3-9	23:00:00													
2014-3-9	22:00:00													
2014-3-9	21:00:00													
2014-3-9	20:00:00													
2014-3-9	19:00:00													
2014-3-9	18:00:00													
2014-3-9	17:00:00													
2014-3-9	16:00:00													
2014-3-9	15:00:00													
2014-3-9	14:00:00													
2014-3-9	13:00:00													
2014-3-9	12:00:00													
2014-3-9	11:00:00													
2014-3-9	10:00:00													
2014-3-9	9:00:00													
2014-3-9	8:00:00													
2014-3-9	7:00:00													
2014-3-9	6:00:00													
2014-3-9	5:00:00													
2014-3-9	4:00:00													
2014-3-9	3:00:00													
2014-3-9	2:00:00													
2014-3-9	1:00:00													
2014-3-9	00:00:00													
2014-3-8	23:00:00													
2014-3-8	22:00:00													
2014-3-8	21:00:00													
2014-3-8	20:00:00													
2014-3-8	19:00:00													
2014-3-8	18:00:00													
2014-3-8	17:00:00													
2014-3-8	16:00:00													
2014-3-8	15:00:00													
2014-3-8	14:00:00													
2014-3-8	13:00:00													
2014-3-8	12:00:00													
2014-3-8	11:00:00													
2014-3-8	10:00:00													
2014-3-8	9:00:00													
2014-3-8	8:00:00													
2014-3-8	7:00:00													
2014-3-8	6:00:00													
2014-3-8	5:00:00													
2014-3-8	4:00:00													
2014-3-8	3:00:00													
2014-3-8	2:00:00													
2014-3-8	1:00:00													
2014-3-8	00:00:00													
2014-3-7	23:00:00													
2014-3-7	22:00:00													
2014-3-7	21:00:00													
2014-3-7	20:00:00													
2014-3-7	19:00:00													
2014-3-7	18:00:00													
2014-3-7	17:00:00													
2014-3-7	16:00:00													
2014-3-7	15:00:00													
2014-3-7	14:00:00													
2014-3-7	13:00:00													
2014-3-7	12:00:00													
2014-3-7	11:00:00													
2014-3-7	10:00:00													
2014-3-7	9:00:00													
2014-3-7	8:00:00													
2014-3-7	7:00:00													
2014-3-7	6:00:00													
2014-3-7	5:00:00													
2014-3-7	4:00:00													
2014-3-7	3:00:00													
2014-3-7	2:00:00													
2014-3-7	1:00:00													
2014-3-7	00:00:00													
2014-3-6	23:00:00													
2014-3-6	22:00:00													
2014-3-6	21:00:00													
2014-3-6	20:00:00													
2014-3-6	19:00:00													
2014-3-6	18:00:00													
2014-3-6	17:00:00													
2014-3-6	16:00:00													
2014-3-6	15:00:00													
2014-3-6	14:00:00													
2014-3-6	13:00:00													
2014-3-6	12:00:00													
2014-3-6	11:00:00													
2014-3-6	10:00:00													
2014-3-6	9:00:00													
2014-3-6	8:00:00													
2014-3-6	7:00:00													
2014-3-6	6:00:00													
2014-3-6	5:00:00													
2014-3-6	4:00:00													
2014-3-6	3:00:00													
2014-3-6	2:00:00													
2014-3-6	1:00:00													
2014-3-6	00:00:00													
2014-3-5	23:00:00													
2014-3-5	22:00:00													
2014-3-5	21:00:00													
2014-3-5	20:00:00													
2014-3-5	19:00:00													
2014-3-5	18:00:00													
2014-3-5	17:00:00													
2014-3-5	16:00:00													
2014-3-5	15:00:00													
2014-3-5	14:00:00													
2014-3-5	13:00:00													
2014-3-5	12:00:00													
2014-3-5	11:00:00													
2014-3-5	10:00:00													
2014-3-5	9:00:00													
2014-3-5	8:00:00													
2014-3-5	7:00:00													
2014-3-5	6:00:00													
2014-3-5	5:00:00													
2014-3-5	4:00:00													
2014-3-5	3:00:00													
2014-3-5	2:00:00													
2014-3-5	1:00:00													
2014-3-5	00:00:00													
2014-3-4	23:00:00													
2014-3-4	22:00:00													
2014-3-4	21:00:00													
2014-3-4	20:00:00													
2014-3-4	19:00:00													
2014-3-4	18:00:00													
2014-3-4	17:00:00													
2014-3-4	16:00:00													
2014-3-4	15:00:00													
2014-3-4	14:00:00													
2014-3-4	13:00:00													
2014-3-4	12:00:00													
2014-3-4	11:00:00													
2014-3-4	10:00:00													
2014-3-4	9:00:00													
2014-3-4	8:00:00													
2014-3-4	7:00:00													
2014-3-4	6:00:00													
2014-3-4	5:00:00													
2014-3-4	4:00:00													
2014-3-4	3:00:00													
2014-3-4	2:00:00													
2014-3-4	1:00:00													
2014-3-4	00:00:00													
2014-3-3	23:00:00													
2014-3-3	22:00:00													
2014-3-3	21:00:00													
2014-3-3	20:00:00													
2014-3-3	19:00:00													
2014-3-3	18:00:00													
2014-3-3	17:00:00													
2014-3-3	16:00:00													
2014-3-3	15:00:00													
2014-3-3	14:00:00													
2014-3-3	13:00:00													
2014-3-3	12:00:00													
2014-3-3	11:00:00													
2014-3-3	10:00:00													
2014-3-3	9:00:00													
2014-3-3	8:00:00													
2014-3-3	7:00:00													
2014-3-3	6:00:00													
2014-3-3	5:00:00													
2014-3-3	4:00:00													
2014-3-3	3:00:00													
2014-3-3	2:00:00													
2014-3-3	1:00:00													
2014-3-3	00:00:00													
2014-3-2	23:00:00													
2014-3-2	22:00:00													
2014-3-2	21:00:00													
2014-3-2	20:00:00													
2014-3-2	19:00:00													
2014-3-2	18:00:00													
2014-3-2	17:00:00													
2014-3-2	16:00:00													
2014-3-2	15:00:00													
2014-3-2	14:00:00													
2014-3-2	13:00:00													
2014-3-2	12:00:00													
2014-3-2	11:00:00													
2014-3-2	10:00:00													
2014-3-2	9:00:00													
2014-3-2	8:00:00													
2014-3-2	7:00:00													
2014-3-2	6:00:00													
2014-3-2	5:00:00													
2014-3-2	4:00:00													
2014-3-2	3:00:00													
2014-3-2	2:00:00													
2014-3-2	1:00:00													
2014-3-2	00:00:00													
2014-3-1	23:00:00													
2014-3-1	22:00:00													
2014-3-1	21:00:00													
2014-3-1	20:00:00													
2014-3-1	19:00:00													
2014-3-1	18:00:00													
2014-3-1	17:00:00													
2014-3-1	16:00:00													
2014-3-1	15:00:00													
2014-3-1	14:00:00													
2014-3-1	13:00:00													
2014-3-1	12:00:00													
2014-3-1	11:00:00													
2014-3-1	10:00:00													
2014-3-1	9:00:00													
2014-3-1	8:00:00													
2014-3-1	7:00:00													
2014-3-1	6:00:00													
2014-3-1	5:00:00													
2014-3-1	4:00:00													
2014-3-1	3:00:00													
2014-3-1	2:00:00													
2014-3-1	1:00:00													
2014-3-1	00:00:00													
2014-2-28	23:00:00													
2014-2-28	22:00:00													
2014-2-28	21:00:00													
2014-2-28	20:00:00													
2014-2-28	19:00:00													
2014-2-28	18:00:00													
2014-2-28	17:00:00													
2014-2-28	16:00:00													
2014-2-28	15:00:00													
2014-2-28	14:00:00													
2014-2-28	13:00:00													
2014-2-28	12:00:00													
2014-2-28	11:00:00													
2014-2-28	10:00:00													
2014-2-28	9:00:00													
2014-2-28	8:00:00													
2014-2-28	7:00:00													
2014-2-28	6:00:00													
2014-2-28	5:00:00													
2014-2-28	4:00:00													
2014-2-28	3:00:00													
2014-2-28	2:00:00													
2014-2-28	1:00:00													
2014-2-28	00:00:00													
2014-2-27	23:00:00													
2014-2-27	22:00:00													
2014-2-27	21:00:00													
2014-2-27	20:00:00													
2014-2-27	19:00:00													
2014-2-27	18:00:00													
2014-2-27	17:00:00													
2014-2-27	16:00:00													
2014-2-27	15:00:00													
2014-2-27	14:00:00													
2014-2-27	13:00:00													
2014-2-27	12:00:00													
2014-2-27	11:00:00													
2014-2-27	10:00:00													
2014-2-27	9:00:00													
2014-2-27	8:00:00													
2014-2-27	7:00:00													
2014-2-27	6:00:00													
2014-2-27	5:00:00													
2014-2-27	4:00:00													
2014-2-27	3:00:00													
2014-2-27	2:00:00													
2014-2-27	1:00:00													
2014-2-27	00:00:00													
2014-2-26	23:00:00													
2014-2-26	22:00:00													
2014-2-26	21:00:00													
2014-2-26	20:00:00													
2014-2-26	19:00:00													
2014-2-26	18:00:00													
2014-2-26	17:00:00													
2014-2-26	16:00:00													
2014-2-26	15:00:00													
2014-2-26	14:00:00													
2014-2-26	13:00:00													
2014-2-26	12:00:00													
2014-2-26	11:00:00													
2014-2-26	10:00:00													
2014-2-26	9:00:00													
2014-2-26	8:00:00													
2014-2-26	7:00:00													
2014-2-26	6:00:00													
2014-2-26	5:00:00													
2014-2-26	4:00:00													
2014-2-26	3:00:00													
2014-2-26	2:00:00													
2014-2-26	1:00:00													
2014-2-26	00:00:00													
2014-2-25	23:00:00													
2014-2-25	22:00:00													
2014-2-25	21:00:00													
2014-2-25	20:00:00													
2014-2-25	19:00:00													
2014-2-25	18:00:00													
2014-2-25	17:00:00													
2014-2-25	16:00:00													
2014-2-25	15:00:00													
2014-2-25	14:00:00													
2014-2-25	13:00:00													
2014-2-25	12:00:00													
2014-2-25	11:00:00													
2014-2-25	10:00:00													
2014-2-25	9:00:00													
2014-2-25	8:00:00													
2014-2-25	7:00:00													
2014-2-25	6:00:00													
2014-2-25	5:00:00													
2014-2-25	4:00:00													
2014-2-25	3:00:00													
2014-2-25	2:00:00													
2014-2-25	1:00:00													
2014-2-25	00:00:00													
2014-2-24	23:00:00													
2014-2-24	22:00:00													
2014-2-24	21:00:00													
2014-2-24	20:00:00													
2014-2-24	19:00:00													
2014-2-24	18:00:00													
2014-2-24	17:00:00													
2014-2-24	16:00:00													
2014-2-24	15:00:00													
2014-2-24	14:00:00													
2014-2-24	13:00:00													
2014-2-24	12:00:00													
2014-2-24	11:00:00													
2014-2-24	10:00:00													
2014-2-24	9:00:00													
2014-2-24	8:00:00													
2014-2-24	7:00:00													
2014-2-24	6:00:00													
2014-2-24	5:00:00													
2014-2-24	4:00:00													
2014-2-24	3:00:00													
2014-2-24	2:00:00													
2014-2-24	1:00:00													
2014-2-24	00:00:00													
2014-2-23	23:00:00													
2014-2-23	22:00:00													
2014-2-23	21:00:00													
2014-2-23	20:00:00													
2014-2-23	19:00:00													
2014-2-23	18:00:00													
2014-2-23	17:00:00													
2014-2-23	16:00:00													
2014-2-23	15:00:00													
2014-2-23	14:00:00													
2014-2-23	13:00:00													
2014-2-23	12:00:00													
2014-2-23	11:00:00													
2014-2-23	10:00:00													
2014-2-23	9:00:00													
2014-2-23	8:00:00													
2014-2-23	7:00:00													
2014-2-23	6:00:00													
2014-2-23	5:00:00													
2014-2-23	4:00:00													
2014-2-23	3:00:00													
2014-2-23	2:00:00													
2014-2-23	1:00:00													
2014-2-23	00:00:00													
2014-2-22	23:00:00													
2014-2-22	22:00:00													
2014-2-22	21:00:00													
2014-2-22	20:00:00													
2014-2-22	19:00:00													
2014-2-22	18:00:00													
2014-2-22	17:00:00													
2014-2-22	16:00:00													
2014-2-22	15:00:00													
2014-2-22	14:00:00													
2014-2-22	13:00:00													
2014-2-22	12:00:00													
2014-2-22	11:00:00													
2014-2-22	10:00:00													
2014-2-22	9:00:00													
2014-2-22	8:00:00													
2014-2-22	7:00:00													
2014-2-22	6:00:00													
2014-2-22	5:00:00													
2014-2-22	4:00:00													
2014-2-22	3:00:00													
2014-2-22	2:00:00													
2014-2-22	1:00:00													
2014-2-22	00:00:00													
2014-2-21	23:00:00													
2014-2-21	22:00:00													
2014-2-21	21:00:00													
2014-2-21	20:00:00													
2014-2-21	19:00:00													
2014-2-21	18:00:00													
2014-2-21	17:00:00													
2014-2-21	16:00:00													
2014-2-21	15:00:00													
2014-2-21	14:00:00													
2014-2-21	13:00:00													
2014-2-21	12:00:00													
2014-2-21	11:00:00													
2014-2-21	10:00:00													
2014-2-21	9:00:00													
2014-2-21	8:00:00													
2014-2-21	7:00:00													
2014-2-21	6:00:00													
2014-2-21	5:00:00													
2014-2-21	4:00:00													
2014-2-21	3:00:00													
2014-2-21	2:00:00													
2014-2-21	1:00:00													
2014-2-21	00:00:00													
2014-2-20	23:00:00													
2014-2-20	22:00:00													
2014-2-20	21:00:00													
2014-2-20	20:00:00													
2014-2-20	19:00:00													
2014-2-20	18:00:00													
2014-2-20	17:00:00													
2014-2-20	16:00:00													
2014-2-20	15:00:00													
2014-2-20	14:00:00													
2014-2-20	13:00:00													
2014-2-20	12:00:00													
2014-2-20	11:00:00													
2014-2-20	10:00:00													
2014-2-20	9:00:00													
2014-2-20	8:00:00													
2014-2-20	7:00:00													
2014-2-20	6:00:00													
2014-2-20	5:00:00													
2014-2-20	4:00:00													
2014-2-20	3:00:00													
2014-2-20	2:00:00													
2014-2-20	1:00:00													
2014-2-20	00:00:00													
2014-2-19	23:00:00													
2014-2-19	22:00:00													
2014-2-19	21:00:00													
2014-2-19	20:00:00													
2014-2-19	19:00:00													
2014-2-19	18:00:00													
2014-2-19	17:00:00													
2014-2-19	16:00:00													
2014-2-19	15:00:00													
2014-2-19	14:00:00													
2014-2-19	13:00:00													
2014-2-19	12:00:00													
2014-2-19	11:00:00													
2014-2-19	10:00:00													
2014-2-19	9:00:00													
2014-2-19	8:00:00													
2014-2-19	7:00:00													
2014-2-19	6:00:00													
2014-2-19	5:00:00													
2014-2-19	4:00:00													
2014-2-19	3:00:00													
2014-2-19	2:00:00													
2014-2-19	1:00:00													
2014-2-19	00:00:00													
2014-2-18	23:00:00													
2014-2-18	22:00:00													
2014-2-18	21:00:00													
2014-2-18	20:00:00													
2014-2-18	19:00:00													
2014-2-18	18:00:00													
2014-2-18	17:00:00													
2014-2-18	16:00:00													
2014-2-18	15:00:00													
2014-2-18	14:00:00													
2014-2-18	13:00:00													
2014-2-18	12:00:00													
2014-2-18	11:00:00													
2014-2-18	10:00:00													
2014-2-18	9:00:00													
2014-2-18	8:00:00													
2014-2-18	7:00:00													
2014-2-18	6:00:00													
2014-2-18	5:00:00													
2014-2-18	4:00:00													
2014-2-18	3:00:00													
2014-2-18	2:00:00													
2014-2-18	1:00:00													
2014-2-18	00:00:00													
2014-2-17	23:00:00													
2014-2-17	22:00:00													
2014-2-17	21:00:00													
2014-2-17	20:00:00													
2014-2-17	19:00:00													
2014-2-17	18:00:00													
2014-2-17	17:00:00													
2014-2-17	16:00:00													
2014-2-17	15:00:00													
2014-2-17	14:00:00													
2014-2-17	13:00:00													
2014-2-17	12:00:00													
2014-2-17	11:00:00													
2014-2-17	10:00:00													
2014-2-17	9:00:00													
2014-2-17	8:00:00													
2014-2-17	7:00:00													
2014-2-17	6:00:00													
2014-2-17	5:00:00													
2014-2-17	4:00:00													
2014-2-17	3:00:00													
2014-2-17	2:00:00													
2014-2-17	1:00:00													
2014-2-17	00:00:00													
2014-2-16	23:00:00													
2014-2-16	22:00:00													
2014-2-16	21:00:00													
2014-2-16	20:00:00													
2014-2-16	19:00:00													
2014-2-16	18:00:00													
2014-2-16	17:00:00													
2014-2-16	16:00:00													
2014-2-16	15:00:00													
2014-2-16	14:00:00													
2014-2-16	13:00:00													
2014-2-16	12:00:00													
2014-2-16	11:00:00													
2014-2-16	10:00:00													
2014-2-16	9:00:00													
2014-2-16	8:00:00													
2014-2-16	7:00:00													
2014-2-16	6:00:00													
2014-2-16	5:00:00													
2014-2-16	4:00:00													
2014-2-16	3:00:00													
2014-2-16	2:00:00													
2014-2-16	1:00:00													
2014-2-16	00:00:00													
2014-2-15	23:00:00													
2014-2-15	22:00:00													
2014-2-15	21:00:00													
2014-2-15	20:00:00													
2014-2-15	19:00:00													
2014-2-15	18:00:00													
2014-2-15	17:00:00													
2014-2-15	16:00:00													
2014-2-15	15:00:00													
2014-2-15	14:00:00													
2014-2-15	13:00:00													
2014-2-15	12:00:00													
2014-2-15	11:00:00													
2014-2-15	10:00:00													
2014-2-15	9:00:00													
2014-2-15	8:00:00													
2014-2-15	7:00:00													
2014-2-15	6:00:00													
2014-2-15	5:00:00													
2014-2-15	4:00:00													
2014-2-15	3:00:00													
2014-2-15	2:00:00													
2014-2-15	1:00:00													
2014-2-15	00:00:00													
2014-2-14	23:00:00													
2014-2-14	22:00:00													
2014-2-14	21:00:00													
2014-2-14	20:00:00													
2014-2-14	19:00:00													
2014-2-14	18:00:00													
2014-2-14	17:00:00													
2014-2-14	16:00:00													
2014-2-14	15:00:00													
2014-2-14	14:00:00													
2014-2-14	13:00:00													
2014-2-14	12:00:00													
2014-2-14	11:00:00													
2014-2-14	10:00:00													
2014-2-14	9:00:00													
2014-2-14	8:00:00													
2014-2-14	7:00:00													
2014-2-14	6:00:00													
2014-2-14	5:00:00													
2014-2-14	4:00:00													
2014-2-14	3:00:00													
2014-2-14	2:00:00													
2014-2-14	1:00:00													
2014-2-14	00:00:00													
2014-2-13	23:00:00													
2014-2-13	22:00:00													
2014-2-13	21:00:00													
2014-2-13	20:00:00													
2014-2-13	19:00:00													
2014-2-13	18:00:00													
2014-2-13	17:00:00													
2014-2-13	16:00:00													
2014-2-13	15:00:00													
2014-2-13	14:00:00													
2014-2-13	13:00:00													
2014-2-13	12:00:00													
2014-2-13	11:00:00													
2014-2-13	10:00:00													
2014-2-13	9:00:00													
2014-2-13	8:00:00													
2014-2-13	7:00:00													
2014-2-13	6:00:00													
2014-2-13	5:00:00													
2014-2-13	4:00:00													
2014-2-13	3:00:00													
2014-2-13	2:00:00													
2014-2-13	1:00:00													
2014-2-13	00:00:00													
2014-2-12	23:00:00													
2014-2-12	22:00:00													
2014-2-12	21:00:00													
2014-2-12	20:00:00													
2014-2-12	19:00:00													
2014-2-12	18:00:00													
2014-2-12	17:00:00													
2014-2-12	16:00:00													
2014-2-12	15:00:00													
2014-2-12	14:00:00													
2014-2-12	13:00:00													
2014-2-12	12:00:00													
2014-2-12	11:00:00													
2014-2-12	10:00:00													
2014-2-12	9:00:00													
2014-2-12	8:00:00													
2014-2-12	7:00:00													
2014-2-12	6:00:00													
2014-2-12	5:00:00													
2014-2-12	4:00:00													
2014-2-12	3:00:00													
2014-2-12	2:00:00													
2014-2-12	1:00:00													
2014-2-12	00:00:00													
2014-2-11	23:00:00													
2014-2-11	22:00:00													
2014-2-11	21:00:00													
2014-2-11	20:00:00													
2014-2-11	19:00:00													
2014-2-11	18:00:00													
2014-2-11	17:00:00													
2014-2-11	16:00:00													
2014-2-11	15:00:00													
2014-2-11	14:00:00													
2014-2-11	13:00:00													
2014-2-11	12:00:00													
2014-2-11	11:00:00													
2014-2-11	10:00:00													
2014-2-11	9:00:00													
2014-2-11	8:00:00													
2014-2-11	7:00:00													
2014-2-11	6:00:00													
2014-2-11	5:00:00													
2014-2-11	4:00:00													
2014-2-11	3:00:00													
2014-2-11	2:00:00													
2014-2-11	1:00:00													
2014-2-11	00:00:00													
2014-2-10	23:00:00													
2014-2-10	22:00:00													
2014-2-10	21:00:00													
2014-2-10	20:00:00													
2014-2-10	19:00:00													
2014-2-10	18:00:00													
2014-2-10	17:00:00													
2014-2-10	16:00:00													
2014-2-10	15:00:00													
2014-2-10	14:00:00													
2014-2-10	13:00:00													
2014-2-10	12:00:00													
2014-2-10	11:00:00													
2014-2-10	10:00:00													
